1754 01 01 -99  -99   -99 -99
1754 01 02 -99  -99   -99 -99
1754 01 03 -99  -99   -99 -99
1754 01 04 -99  -99   -99 -99
1754 01 05 -99  -99   -99 -99
1754 01 06 -99  -99   -99 -99
1754 01 07 -99  -99   -99 -99
1754 01 08 -99  -99   -99 -99
1754 01 09 -99  -99   -99 -99
1754 01 10 -99  -99   -99 -99
1754 01 11 -99  -99   -99 -99
1754 01 12 -99  -99   -99 -99
1754 01 13 -99  -99   -99 -99
1754 01 14 -99  -99   -99 -99
1754 01 15 -99  -99   -99 -99
1754 01 16 -99  -99   -99 -99
1754 01 17 -99  -99   -99 -99
1754 01 18 -99  -99   -99 -99
1754 01 19 -99  -99   -99 -99
1754 01 20 -99  -99   -99 -99
1754 01 21 -99  -99   -99 -99
1754 01 22 -99  -99   -99 -99
1754 01 23 -99  -99   -99 -99
1754 01 24 -99  -99   -99 -99
1754 01 25 -99  -99   -99 -99
1754 01 26 -99  -99   -99 -99
1754 01 27 -99  -99   -99 -99
1754 01 28 -99  -99   -99 -99
1754 01 29 -99  -99   -99 -99
1754 01 30 -99  -99   -99 -99
1754 01 31 -99  -99   -99 -99
1754 02 01 -99  -99   -99 -99
1754 02 02 -99  -99   -99 -99
1754 02 03 -99  -99   -99 -99
1754 02 04 -99  -99   -99 -99
1754 02 05 -99  -99   -99 -99
1754 02 06 -99  -99   -99 -99
1754 02 07 -99  -99   -99 -99
1754 02 08 -99  -99   -99 -99
1754 02 09 -99  -99   -99 -99
1754 02 10 -99  -99   -99 -99
1754 02 11 -99  -99   -99 -99
1754 02 12 -99  -99   -99 -99
1754 02 13 -99  -99   -99 -99
1754 02 14 -99  -99   -99 -99
1754 02 15 -99  -99   -99 -99
1754 02 16 -99  -99   -99 -99
1754 02 17 -99  -99   -99 -99
1754 02 18 -99  -99   -99 -99
1754 02 19 -99  -99   -99 -99
1754 02 20 -99  -99   -99 -99
1754 02 21 -99  -99   -99 -99
1754 02 22 -99  -99   -99 -99
1754 02 23 -99  -99   -99 -99
1754 02 24 -99  -99   -99 -99
1754 02 25 -99  -99   -99 -99
1754 02 26 -99  -99   -99 -99
1754 02 27 -99  -99   -99 -99
1754 02 28 -99  -99   -99 -99
1754 02 29 -99  -99   -99 -99
1754 02 30 -99  -99   -99 -99
1754 02 31 -99  -99   -99 -99
1754 03 01 -99  -99   -99 -99
1754 03 02 -99  -99   -99 -99
1754 03 03 -99  -99   -99 -99
1754 03 04 -99  -99   -99 -99
1754 03 05 -99  -99   -99 -99
1754 03 06 -99  -99   -99 -99
1754 03 07 -99  -99   -99 -99
1754 03 08 -99  -99   -99 -99
1754 03 09 -99  -99   -99 -99
1754 03 10 -99  -99   -99 -99
1754 03 11 -99  -99   -99 -99
1754 03 12 -99  -99   -99 -99
1754 03 13 -99  -99   -99 -99
1754 03 14 -99  -99   -99 -99
1754 03 15 -99  -99   -99 -99
1754 03 16 -99  -99   -99 -99
1754 03 17 -99  -99   -99 -99
1754 03 18 -99  -99   -99 -99
1754 03 19 -99  -99   -99 -99
1754 03 20 -99  -99   -99 -99
1754 03 21 -99  -99   -99 -99
1754 03 22 -99  -99   -99 -99
1754 03 23 -99  -99   -99 -99
1754 03 24 -99  -99   -99 -99
1754 03 25 -99  -99   -99 -99
1754 03 26 -99  -99   -99 -99
1754 03 27 -99  -99   -99 -99
1754 03 28 -99  -99   -99 -99
1754 03 29 -99  -99   -99 -99
1754 03 30 -99  -99   -99 -99
1754 03 31 -99  -99   -99 -99
1754 04 01 -99  -99   -99 -99
1754 04 02 -99  -99   -99 -99
1754 04 03 -99  -99   -99 -99
1754 04 04 -99  -99   -99 -99
1754 04 05 -99  -99   -99 -99
1754 04 06 -99  -99   -99 -99
1754 04 07 -99  -99   -99 -99
1754 04 08 -99  -99   -99 -99
1754 04 09   0  0.27   0   1
1754 04 10 -99  -99   -99 -99
1754 04 11   0  0.27   0   1
1754 04 12 -99  -99   -99 -99
1754 04 13 -99  -99   -99 -99
1754 04 14 -99  -99   -99 -99
1754 04 15 -99  -99   -99 -99
1754 04 16 -99  -99   -99 -99
1754 04 17 -99  -99   -99 -99
1754 04 18 -99  -99   -99 -99
1754 04 19 -99  -99   -99 -99
1754 04 20 -99  -99   -99 -99
1754 04 21 -99  -99   -99 -99
1754 04 22 -99  -99   -99 -99
1754 04 23   1  1.5    1   2
1754 04 24   1  1.5    1   2
1754 04 25 -99  -99   -99 -99
1754 04 26 -99  -99   -99 -99
1754 04 27 -99  -99   -99 -99
1754 04 28 -99  -99   -99 -99
1754 04 29   3  3.99   3   5
1754 04 30   4  5.19   4   6
1754 04 31 -99  -99   -99 -99
1754 05 01   3  3.99   3   5
1754 05 02   3  3.99   3   5
1754 05 03 -99  -99   -99 -99
1754 05 04   3  3.99   3   5
1754 05 05 -99  -99   -99 -99
1754 05 06   1  1.5    1   2
1754 05 07   1  1.5    1   2
1754 05 08 -99  -99   -99 -99
1754 05 09 -99  -99   -99 -99
1754 05 10 -99  -99   -99 -99
1754 05 11   0  0.27   0   1
1754 05 12 -99  -99   -99 -99
1754 05 13   0  0.27   0   1
1754 05 14 -99  -99   -99 -99
1754 05 15 -99  -99   -99 -99
1754 05 16 -99  -99   -99 -99
1754 05 17   0  0.27   0   1
1754 05 18 -99  -99   -99 -99
1754 05 19 -99  -99   -99 -99
1754 05 20   0  0.27   0   1
1754 05 21   0  0.27   0   1
1754 05 22   0  0.27   0   1
1754 05 23   0  0.27   0   1
1754 05 24   1  1.5    1   2
1754 05 25   1  1.5    1   2
1754 05 26 -99  -99   -99 -99
1754 05 27   1  1.5    1   2
1754 05 28 -99  -99   -99 -99
1754 05 29 -99  -99   -99 -99
1754 05 30 -99  -99   -99 -99
1754 05 31   1  1.5    1   2
1754 06 01 -99  -99   -99 -99
1754 06 02 -99  -99   -99 -99
1754 06 03   2  2.75   2   4
1754 06 04   1  1.5    1   2
1754 06 05 -99  -99   -99 -99
1754 06 06 -99  -99   -99 -99
1754 06 07 -99  -99   -99 -99
1754 06 08 -99  -99   -99 -99
1754 06 09 -99  -99   -99 -99
1754 06 10 -99  -99   -99 -99
1754 06 11 -99  -99   -99 -99
1754 06 12 -99  -99   -99 -99
1754 06 13 -99  -99   -99 -99
1754 06 14 -99  -99   -99 -99
1754 06 15 -99  -99   -99 -99
1754 06 16 -99  -99   -99 -99
1754 06 17   0  0.27   0   1
1754 06 18   0  0.27   0   1
1754 06 19 -99  -99   -99 -99
1754 06 20 -99  -99   -99 -99
1754 06 21 -99  -99   -99 -99
1754 06 22   0  0.27   0   1
1754 06 23   1  1.5    1   2
1754 06 24   3  3.99   3   5
1754 06 25   1  1.5    1   2
1754 06 26 -99  -99   -99 -99
1754 06 27 -99  -99   -99 -99
1754 06 28 -99  -99   -99 -99
1754 06 29 -99  -99   -99 -99
1754 06 30   0  0.27   0   1
1754 06 31 -99  -99   -99 -99
1754 07 01 -99  -99   -99 -99
1754 07 02   0  0.27   0   1
1754 07 03 -99  -99   -99 -99
1754 07 04 -99  -99   -99 -99
1754 07 05   0  0.27   0   1
1754 07 06 -99  -99   -99 -99
1754 07 07   1  1.5    1   2
1754 07 08 -99  -99   -99 -99
1754 07 09   1  1.5    1   2
1754 07 10 -99  -99   -99 -99
1754 07 11   1  1.5    1   2
1754 07 12   1  1.5    1   2
1754 07 13   1  1.5    1   2
1754 07 14   1  1.5    1   2
1754 07 15   1  1.5    1   2
1754 07 16   1  1.5    1   2
1754 07 17 -99  -99   -99 -99
1754 07 18   1  1.5    1   2
1754 07 19   2  2.75   2   4
1754 07 20   2  2.75   2   4
1754 07 21   3  3.99   3   5
1754 07 22   3  3.99   3   5
1754 07 23 -99  -99   -99 -99
1754 07 24 -99  -99   -99 -99
1754 07 25 -99  -99   -99 -99
1754 07 26   1  1.5    1   2
1754 07 27   1  1.5    1   2
1754 07 28 -99  -99   -99 -99
1754 07 29 -99  -99   -99 -99
1754 07 30 -99  -99   -99 -99
1754 07 31 -99  -99   -99 -99
1754 08 01 -99  -99   -99 -99
1754 08 02 -99  -99   -99 -99
1754 08 03 -99  -99   -99 -99
1754 08 04 -99  -99   -99 -99
1754 08 05   1  1.5    1   2
1754 08 06   1  1.5    1   2
1754 08 07   1  1.5    1   2
1754 08 08   1  1.5    1   2
1754 08 09   0  0.27   0   1
1754 08 10   0  0.27   0   1
1754 08 11   0  0.27   0   1
1754 08 12 -99  -99   -99 -99
1754 08 13 -99  -99   -99 -99
1754 08 14 -99  -99   -99 -99
1754 08 15   0  0.27   0   1
1754 08 16 -99  -99   -99 -99
1754 08 17   0  0.27   0   1
1754 08 18   0  0.27   0   1
1754 08 19   0  0.27   0   1
1754 08 20   0  0.27   0   1
1754 08 21 -99  -99   -99 -99
1754 08 22   0  0.27   0   1
1754 08 23   0  0.27   0   1
1754 08 24   1  1.5    1   2
1754 08 25 -99  -99   -99 -99
1754 08 26   1  1.5    1   2
1754 08 27   1  1.5    1   2
1754 08 28 -99  -99   -99 -99
1754 08 29   1  1.5    1   2
1754 08 30   1  1.5    1   2
1754 08 31   1  1.5    1   2
1754 09 01 -99  -99   -99 -99
1754 09 02 -99  -99   -99 -99
1754 09 03 -99  -99   -99 -99
1754 09 04 -99  -99   -99 -99
1754 09 05   0  0.27   0   1
1754 09 06 -99  -99   -99 -99
1754 09 07 -99  -99   -99 -99
1754 09 08 -99  -99   -99 -99
1754 09 09 -99  -99   -99 -99
1754 09 10   0  0.27   0   1
1754 09 11   0  0.27   0   1
1754 09 12   0  0.27   0   1
1754 09 13   0  0.27   0   1
1754 09 14   0  0.27   0   1
1754 09 15   0  0.27   0   1
1754 09 16   1  1.5    1   2
1754 09 17   1  1.5    1   2
1754 09 18   1  1.5    1   2
1754 09 19 -99  -99   -99 -99
1754 09 20 -99  -99   -99 -99
1754 09 21 -99  -99   -99 -99
1754 09 22 -99  -99   -99 -99
1754 09 23 -99  -99   -99 -99
1754 09 24   2  2.75   2   4
1754 09 25 -99  -99   -99 -99
1754 09 26 -99  -99   -99 -99
1754 09 27 -99  -99   -99 -99
1754 09 28   1  1.5    1   2
1754 09 29 -99  -99   -99 -99
1754 09 30   1  1.5    1   2
1754 09 31 -99  -99   -99 -99
1754 10 01 -99  -99   -99 -99
1754 10 02 -99  -99   -99 -99
1754 10 03 -99  -99   -99 -99
1754 10 04 -99  -99   -99 -99
1754 10 05   1  1.5    1   2
1754 10 06   1  1.5    1   2
1754 10 07   1  1.5    1   2
1754 10 08 -99  -99   -99 -99
1754 10 09   1  1.5    1   2
1754 10 10 -99  -99   -99 -99
1754 10 11 -99  -99   -99 -99
1754 10 12 -99  -99   -99 -99
1754 10 13 -99  -99   -99 -99
1754 10 14   1  1.5    1   2
1754 10 15   1  1.5    1   2
1754 10 16 -99  -99   -99 -99
1754 10 17   1  1.5    1   2
1754 10 18   1  1.5    1   2
1754 10 19   1  1.5    1   2
1754 10 20 -99  -99   -99 -99
1754 10 21   1  1.5    1   2
1754 10 22   1  1.5    1   2
1754 10 23   1  1.5    1   2
1754 10 24   1  1.5    1   2
1754 10 25   2  2.75   2   4
1754 10 26 -99  -99   -99 -99
1754 10 27   1  1.5    1   2
1754 10 28   1  1.5    1   2
1754 10 29   1  1.5    1   2
1754 10 30   1  1.5    1   2
1754 10 31 -99  -99   -99 -99
1754 11 01 -99  -99   -99 -99
1754 11 02 -99  -99   -99 -99
1754 11 03 -99  -99   -99 -99
1754 11 04   1  1.5    1   2
1754 11 05 -99  -99   -99 -99
1754 11 06 -99  -99   -99 -99
1754 11 07   0  0.27   0   1
1754 11 08   0  0.27   0   1
1754 11 09   1  1.5    1   2
1754 11 10 -99  -99   -99 -99
1754 11 11   1  1.5    1   2
1754 11 12 -99  -99   -99 -99
1754 11 13 -99  -99   -99 -99
1754 11 14   2  2.75   2   4
1754 11 15 -99  -99   -99 -99
1754 11 16   1  1.5    1   2
1754 11 17 -99  -99   -99 -99
1754 11 18   1  1.5    1   2
1754 11 19 -99  -99   -99 -99
1754 11 20 -99  -99   -99 -99
1754 11 21   1  1.5    1   2
1754 11 22 -99  -99   -99 -99
1754 11 23   0  0.27   0   1
1754 11 24 -99  -99   -99 -99
1754 11 25 -99  -99   -99 -99
1754 11 26 -99  -99   -99 -99
1754 11 27   0  0.27   0   1
1754 11 28 -99  -99   -99 -99
1754 11 29   0  0.27   0   1
1754 11 30 -99  -99   -99 -99
1754 11 31 -99  -99   -99 -99
1754 12 01   1  1.5    1   2
1754 12 02 -99  -99   -99 -99
1754 12 03 -99  -99   -99 -99
1754 12 04 -99  -99   -99 -99
1754 12 05 -99  -99   -99 -99
1754 12 06   1  1.5    1   2
1754 12 07 -99  -99   -99 -99
1754 12 08   0  0.27   0   1
1754 12 09   0  0.27   0   1
1754 12 10   0  0.27   0   1
1754 12 11 -99  -99   -99 -99
1754 12 12 -99  -99   -99 -99
1754 12 13 -99  -99   -99 -99
1754 12 14   0  0.27   0   1
1754 12 15   0  0.27   0   1
1754 12 16 -99  -99   -99 -99
1754 12 17 -99  -99   -99 -99
1754 12 18 -99  -99   -99 -99
1754 12 19 -99  -99   -99 -99
1754 12 20 -99  -99   -99 -99
1754 12 21 -99  -99   -99 -99
1754 12 22 -99  -99   -99 -99
1754 12 23 -99  -99   -99 -99
1754 12 24   0  0.27   0   1
1754 12 25 -99  -99   -99 -99
1754 12 26 -99  -99   -99 -99
1754 12 27 -99  -99   -99 -99
1754 12 28 -99  -99   -99 -99
1754 12 29 -99  -99   -99 -99
1754 12 30 -99  -99   -99 -99
1754 12 31 -99  -99   -99 -99
1755 01 01   0  0.27   0   1
1755 01 02   0  0.27   0   1
1755 01 03 -99  -99   -99 -99
1755 01 04 -99  -99   -99 -99
1755 01 05   0  0.27   0   1
1755 01 06   0  0.27   0   1
1755 01 07 -99  -99   -99 -99
1755 01 08 -99  -99   -99 -99
1755 01 09 -99  -99   -99 -99
1755 01 10 -99  -99   -99 -99
1755 01 11 -99  -99   -99 -99
1755 01 12 -99  -99   -99 -99
1755 01 13 -99  -99   -99 -99
1755 01 14 -99  -99   -99 -99
1755 01 15 -99  -99   -99 -99
1755 01 16 -99  -99   -99 -99
1755 01 17 -99  -99   -99 -99
1755 01 18   1  1.5    1   2
1755 01 19   1  1.5    1   2
1755 01 20 -99  -99   -99 -99
1755 01 21   1  1.5    1   2
1755 01 22   0  0.27   0   1
1755 01 23 -99  -99   -99 -99
1755 01 24 -99  -99   -99 -99
1755 01 25 -99  -99   -99 -99
1755 01 26 -99  -99   -99 -99
1755 01 27 -99  -99   -99 -99
1755 01 28 -99  -99   -99 -99
1755 01 29 -99  -99   -99 -99
1755 01 30 -99  -99   -99 -99
1755 01 31 -99  -99   -99 -99
1755 02 01 -99  -99   -99 -99
1755 02 02   0  0.27   0   1
1755 02 03 -99  -99   -99 -99
1755 02 04 -99  -99   -99 -99
1755 02 05 -99  -99   -99 -99
1755 02 06 -99  -99   -99 -99
1755 02 07   0  0.27   0   1
1755 02 08   0  0.27   0   1
1755 02 09   0  0.27   0   1
1755 02 10 -99  -99   -99 -99
1755 02 11 -99  -99   -99 -99
1755 02 12 -99  -99   -99 -99
1755 02 13 -99  -99   -99 -99
1755 02 14 -99  -99   -99 -99
1755 02 15 -99  -99   -99 -99
1755 02 16 -99  -99   -99 -99
1755 02 17 -99  -99   -99 -99
1755 02 18 -99  -99   -99 -99
1755 02 19 -99  -99   -99 -99
1755 02 20 -99  -99   -99 -99
1755 02 21 -99  -99   -99 -99
1755 02 22 -99  -99   -99 -99
1755 02 23 -99  -99   -99 -99
1755 02 24 -99  -99   -99 -99
1755 02 25   1  1.5    1   2
1755 02 26 -99  -99   -99 -99
1755 02 27   1  1.5    1   2
1755 02 28 -99  -99   -99 -99
1755 02 29 -99  -99   -99 -99
1755 02 30 -99  -99   -99 -99
1755 02 31 -99  -99   -99 -99
1755 03 01 -99  -99   -99 -99
1755 03 02 -99  -99   -99 -99
1755 03 03 -99  -99   -99 -99
1755 03 04 -99  -99   -99 -99
1755 03 05 -99  -99   -99 -99
1755 03 06 -99  -99   -99 -99
1755 03 07 -99  -99   -99 -99
1755 03 08 -99  -99   -99 -99
1755 03 09 -99  -99   -99 -99
1755 03 10 -99  -99   -99 -99
1755 03 11 -99  -99   -99 -99
1755 03 12 -99  -99   -99 -99
1755 03 13 -99  -99   -99 -99
1755 03 14 -99  -99   -99 -99
1755 03 15 -99  -99   -99 -99
1755 03 16   1  1.5    1   2
1755 03 17   1  1.5    1   2
1755 03 18   1  1.5    1   2
1755 03 19   1  1.5    1   2
1755 03 20   1  1.5    1   2
1755 03 21   1  1.5    1   2
1755 03 22   1  1.5    1   2
1755 03 23   1  1.5    1   2
1755 03 24   1  1.5    1   2
1755 03 25   1  1.5    1   2
1755 03 26 -99  -99   -99 -99
1755 03 27   0  0.27   0   1
1755 03 28   0  0.27   0   1
1755 03 29 -99  -99   -99 -99
1755 03 30 -99  -99   -99 -99
1755 03 31   0  0.27   0   1
1755 04 01 -99  -99   -99 -99
1755 04 02 -99  -99   -99 -99
1755 04 03 -99  -99   -99 -99
1755 04 04 -99  -99   -99 -99
1755 04 05   0  0.27   0   1
1755 04 06 -99  -99   -99 -99
1755 04 07   0  0.27   0   1
1755 04 08 -99  -99   -99 -99
1755 04 09 -99  -99   -99 -99
1755 04 10 -99  -99   -99 -99
1755 04 11   1  1.5    1   2
1755 04 12   1  1.5    1   2
1755 04 13 -99  -99   -99 -99
1755 04 14   1  1.5    1   2
1755 04 15   1  1.5    1   2
1755 04 16   1  1.5    1   2
1755 04 17   1  1.5    1   2
1755 04 18 -99  -99   -99 -99
1755 04 19   1  1.5    1   2
1755 04 20 -99  -99   -99 -99
1755 04 21   0  0.27   0   1
1755 04 22 -99  -99   -99 -99
1755 04 23   0  0.27   0   1
1755 04 24 -99  -99   -99 -99
1755 04 25   0  0.27   0   1
1755 04 26 -99  -99   -99 -99
1755 04 27 -99  -99   -99 -99
1755 04 28 -99  -99   -99 -99
1755 04 29   0  0.27   0   1
1755 04 30   0  0.27   0   1
1755 04 31 -99  -99   -99 -99
1755 05 01   0  0.27   0   1
1755 05 02   0  0.27   0   1
1755 05 03 -99  -99   -99 -99
1755 05 04 -99  -99   -99 -99
1755 05 05   0  0.27   0   1
1755 05 06   0  0.27   0   1
1755 05 07 -99  -99   -99 -99
1755 05 08 -99  -99   -99 -99
1755 05 09   0  0.27   0   1
1755 05 10   0  0.27   0   1
1755 05 11 -99  -99   -99 -99
1755 05 12 -99  -99   -99 -99
1755 05 13   0  0.27   0   1
1755 05 14   0  0.27   0   1
1755 05 15   0  0.27   0   1
1755 05 16 -99  -99   -99 -99
1755 05 17 -99  -99   -99 -99
1755 05 18 -99  -99   -99 -99
1755 05 19 -99  -99   -99 -99
1755 05 20 -99  -99   -99 -99
1755 05 21   0  0.27   0   1
1755 05 22   0  0.27   0   1
1755 05 23   0  0.27   0   1
1755 05 24   0  0.27   0   1
1755 05 25   0  0.27   0   1
1755 05 26   0  0.27   0   1
1755 05 27 -99  -99   -99 -99
1755 05 28 -99  -99   -99 -99
1755 05 29 -99  -99   -99 -99
1755 05 30 -99  -99   -99 -99
1755 05 31 -99  -99   -99 -99
1755 06 01 -99  -99   -99 -99
1755 06 02   0  0.27   0   1
1755 06 03   0  0.27   0   1
1755 06 04 -99  -99   -99 -99
1755 06 05 -99  -99   -99 -99
1755 06 06 -99  -99   -99 -99
1755 06 07 -99  -99   -99 -99
1755 06 08 -99  -99   -99 -99
1755 06 09   0  0.27   0   1
1755 06 10   0  0.27   0   1
1755 06 11 -99  -99   -99 -99
1755 06 12   0  0.27   0   1
1755 06 13 -99  -99   -99 -99
1755 06 14   0  0.27   0   1
1755 06 15 -99  -99   -99 -99
1755 06 16 -99  -99   -99 -99
1755 06 17 -99  -99   -99 -99
1755 06 18 -99  -99   -99 -99
1755 06 19 -99  -99   -99 -99
1755 06 20   0  0.27   0   1
1755 06 21 -99  -99   -99 -99
1755 06 22 -99  -99   -99 -99
1755 06 23   0  0.27   0   1
1755 06 24 -99  -99   -99 -99
1755 06 25 -99  -99   -99 -99
1755 06 26 -99  -99   -99 -99
1755 06 27 -99  -99   -99 -99
1755 06 28   0  0.27   0   1
1755 06 29 -99  -99   -99 -99
1755 06 30 -99  -99   -99 -99
1755 06 31 -99  -99   -99 -99
1755 07 01   0  0.27   0   1
1755 07 02 -99  -99   -99 -99
1755 07 03 -99  -99   -99 -99
1755 07 04 -99  -99   -99 -99
1755 07 05 -99  -99   -99 -99
1755 07 06 -99  -99   -99 -99
1755 07 07 -99  -99   -99 -99
1755 07 08 -99  -99   -99 -99
1755 07 09 -99  -99   -99 -99
1755 07 10 -99  -99   -99 -99
1755 07 11 -99  -99   -99 -99
1755 07 12 -99  -99   -99 -99
1755 07 13 -99  -99   -99 -99
1755 07 14 -99  -99   -99 -99
1755 07 15 -99  -99   -99 -99
1755 07 16 -99  -99   -99 -99
1755 07 17 -99  -99   -99 -99
1755 07 18 -99  -99   -99 -99
1755 07 19 -99  -99   -99 -99
1755 07 20 -99  -99   -99 -99
1755 07 21 -99  -99   -99 -99
1755 07 22   2  2.75   2   4
1755 07 23 -99  -99   -99 -99
1755 07 24   2  2.75   2   4
1755 07 25 -99  -99   -99 -99
1755 07 26 -99  -99   -99 -99
1755 07 27   1  1.5    1   2
1755 07 28 -99  -99   -99 -99
1755 07 29   1  1.5    1   2
1755 07 30 -99  -99   -99 -99
1755 07 31 -99  -99   -99 -99
1755 08 01   0  0.27   0   1
1755 08 02 -99  -99   -99 -99
1755 08 03 -99  -99   -99 -99
1755 08 04 -99  -99   -99 -99
1755 08 05   0  0.27   0   1
1755 08 06   0  0.27   0   1
1755 08 07   0  0.27   0   1
1755 08 08 -99  -99   -99 -99
1755 08 09 -99  -99   -99 -99
1755 08 10   0  0.27   0   1
1755 08 11 -99  -99   -99 -99
1755 08 12 -99  -99   -99 -99
1755 08 13 -99  -99   -99 -99
1755 08 14   0  0.27   0   1
1755 08 15 -99  -99   -99 -99
1755 08 16   0  0.27   0   1
1755 08 17   0  0.27   0   1
1755 08 18 -99  -99   -99 -99
1755 08 19 -99  -99   -99 -99
1755 08 20 -99  -99   -99 -99
1755 08 21 -99  -99   -99 -99
1755 08 22 -99  -99   -99 -99
1755 08 23 -99  -99   -99 -99
1755 08 24 -99  -99   -99 -99
1755 08 25 -99  -99   -99 -99
1755 08 26 -99  -99   -99 -99
1755 08 27 -99  -99   -99 -99
1755 08 28 -99  -99   -99 -99
1755 08 29 -99  -99   -99 -99
1755 08 30 -99  -99   -99 -99
1755 08 31 -99  -99   -99 -99
1755 09 01 -99  -99   -99 -99
1755 09 02 -99  -99   -99 -99
1755 09 03 -99  -99   -99 -99
1755 09 04 -99  -99   -99 -99
1755 09 05 -99  -99   -99 -99
1755 09 06 -99  -99   -99 -99
1755 09 07 -99  -99   -99 -99
1755 09 08 -99  -99   -99 -99
1755 09 09 -99  -99   -99 -99
1755 09 10 -99  -99   -99 -99
1755 09 11 -99  -99   -99 -99
1755 09 12 -99  -99   -99 -99
1755 09 13 -99  -99   -99 -99
1755 09 14 -99  -99   -99 -99
1755 09 15 -99  -99   -99 -99
1755 09 16 -99  -99   -99 -99
1755 09 17 -99  -99   -99 -99
1755 09 18   1  1.5    1   2
1755 09 19 -99  -99   -99 -99
1755 09 20   1  1.5    1   2
1755 09 21 -99  -99   -99 -99
1755 09 22   1  1.5    1   2
1755 09 23   0  0.27   0   1
1755 09 24   0  0.27   0   1
1755 09 25 -99  -99   -99 -99
1755 09 26 -99  -99   -99 -99
1755 09 27 -99  -99   -99 -99
1755 09 28 -99  -99   -99 -99
1755 09 29 -99  -99   -99 -99
1755 09 30 -99  -99   -99 -99
1755 09 31 -99  -99   -99 -99
1755 10 01 -99  -99   -99 -99
1755 10 02 -99  -99   -99 -99
1755 10 03 -99  -99   -99 -99
1755 10 04 -99  -99   -99 -99
1755 10 05 -99  -99   -99 -99
1755 10 06 -99  -99   -99 -99
1755 10 07 -99  -99   -99 -99
1755 10 08 -99  -99   -99 -99
1755 10 09   2  2.75   2   4
1755 10 10 -99  -99   -99 -99
1755 10 11   2  2.75   2   4
1755 10 12 -99  -99   -99 -99
1755 10 13 -99  -99   -99 -99
1755 10 14 -99  -99   -99 -99
1755 10 15 -99  -99   -99 -99
1755 10 16   2  2.75   2   4
1755 10 17 -99  -99   -99 -99
1755 10 18   3  3.99   3   5
1755 10 19 -99  -99   -99 -99
1755 10 20 -99  -99   -99 -99
1755 10 21 -99  -99   -99 -99
1755 10 22 -99  -99   -99 -99
1755 10 23 -99  -99   -99 -99
1755 10 24   0  0.27   0   1
1755 10 25 -99  -99   -99 -99
1755 10 26   0  0.27   0   1
1755 10 27 -99  -99   -99 -99
1755 10 28 -99  -99   -99 -99
1755 10 29 -99  -99   -99 -99
1755 10 30   1  1.5    1   2
1755 10 31 -99  -99   -99 -99
1755 11 01   1  1.5    1   2
1755 11 02   1  1.5    1   2
1755 11 03 -99  -99   -99 -99
1755 11 04   1  1.5    1   2
1755 11 05 -99  -99   -99 -99
1755 11 06   1  1.5    1   2
1755 11 07 -99  -99   -99 -99
1755 11 08 -99  -99   -99 -99
1755 11 09 -99  -99   -99 -99
1755 11 10 -99  -99   -99 -99
1755 11 11 -99  -99   -99 -99
1755 11 12   0  0.27   0   1
1755 11 13 -99  -99   -99 -99
1755 11 14 -99  -99   -99 -99
1755 11 15   0  0.27   0   1
1755 11 16 -99  -99   -99 -99
1755 11 17 -99  -99   -99 -99
1755 11 18   0  0.27   0   1
1755 11 19 -99  -99   -99 -99
1755 11 20 -99  -99   -99 -99
1755 11 21 -99  -99   -99 -99
1755 11 22 -99  -99   -99 -99
1755 11 23   0  0.27   0   1
1755 11 24   0  0.27   0   1
1755 11 25 -99  -99   -99 -99
1755 11 26   0  0.27   0   1
1755 11 27   0  0.27   0   1
1755 11 28   0  0.27   0   1
1755 11 29 -99  -99   -99 -99
1755 11 30 -99  -99   -99 -99
1755 11 31 -99  -99   -99 -99
1755 12 01 -99  -99   -99 -99
1755 12 02 -99  -99   -99 -99
1755 12 03 -99  -99   -99 -99
1755 12 04 -99  -99   -99 -99
1755 12 05 -99  -99   -99 -99
1755 12 06 -99  -99   -99 -99
1755 12 07 -99  -99   -99 -99
1755 12 08   0  0.27   0   1
1755 12 09 -99  -99   -99 -99
1755 12 10 -99  -99   -99 -99
1755 12 11   0  0.27   0   1
1755 12 12 -99  -99   -99 -99
1755 12 13   1  1.5    1   2
1755 12 14 -99  -99   -99 -99
1755 12 15   1  1.5    1   2
1755 12 16   1  1.5    1   2
1755 12 17 -99  -99   -99 -99
1755 12 18 -99  -99   -99 -99
1755 12 19   1  1.5    1   2
1755 12 20   1  1.5    1   2
1755 12 21   1  1.5    1   2
1755 12 22 -99  -99   -99 -99
1755 12 23 -99  -99   -99 -99
1755 12 24 -99  -99   -99 -99
1755 12 25   0  0.27   0   1
1755 12 26 -99  -99   -99 -99
1755 12 27 -99  -99   -99 -99
1755 12 28 -99  -99   -99 -99
1755 12 29 -99  -99   -99 -99
1755 12 30   0  0.27   0   1
1755 12 31 -99  -99   -99 -99
1756 01 01   0  0.27   0   1
1756 01 02   0  0.27   0   1
1756 01 03 -99  -99   -99 -99
1756 01 04 -99  -99   -99 -99
1756 01 05 -99  -99   -99 -99
1756 01 06   0  0.27   0   1
1756 01 07 -99  -99   -99 -99
1756 01 08 -99  -99   -99 -99
1756 01 09   1  1.5    1   2
1756 01 10 -99  -99   -99 -99
1756 01 11 -99  -99   -99 -99
1756 01 12 -99  -99   -99 -99
1756 01 13 -99  -99   -99 -99
1756 01 14   0  0.27   0   1
1756 01 15 -99  -99   -99 -99
1756 01 16   0  0.27   0   1
1756 01 17   0  0.27   0   1
1756 01 18   0  0.27   0   1
1756 01 19 -99  -99   -99 -99
1756 01 20 -99  -99   -99 -99
1756 01 21 -99  -99   -99 -99
1756 01 22   0  0.27   0   1
1756 01 23 -99  -99   -99 -99
1756 01 24   1  1.5    1   2
1756 01 25 -99  -99   -99 -99
1756 01 26   1  1.5    1   2
1756 01 27   1  1.5    1   2
1756 01 28   1  1.5    1   2
1756 01 29 -99  -99   -99 -99
1756 01 30   3  3.99   3   5
1756 01 31 -99  -99   -99 -99
1756 02 01   3  3.99   3   5
1756 02 02   3  3.99   3   5
1756 02 03   2  2.75   2   4
1756 02 04   1  1.5    1   2
1756 02 05   1  1.5    1   2
1756 02 06   0  0.27   0   1
1756 02 07   0  0.27   0   1
1756 02 08   0  0.27   0   1
1756 02 09   0  0.27   0   1
1756 02 10   0  0.27   0   1
1756 02 11   0  0.27   0   1
1756 02 12   0  0.27   0   1
1756 02 13 -99  -99   -99 -99
1756 02 14   0  0.27   0   1
1756 02 15 -99  -99   -99 -99
1756 02 16   0  0.27   0   1
1756 02 17 -99  -99   -99 -99
1756 02 18   0  0.27   0   1
1756 02 19 -99  -99   -99 -99
1756 02 20   0  0.27   0   1
1756 02 21 -99  -99   -99 -99
1756 02 22 -99  -99   -99 -99
1756 02 23   0  0.27   0   1
1756 02 24   0  0.27   0   1
1756 02 25   0  0.27   0   1
1756 02 26   1  1.5    1   2
1756 02 27   1  1.5    1   2
1756 02 28   1  1.5    1   2
1756 02 29 -99  -99   -99 -99
1756 02 30 -99  -99   -99 -99
1756 02 31 -99  -99   -99 -99
1756 03 01   1  1.5    1   2
1756 03 02   1  1.5    1   2
1756 03 03 -99  -99   -99 -99
1756 03 04 -99  -99   -99 -99
1756 03 05   1  1.5    1   2
1756 03 06 -99  -99   -99 -99
1756 03 07 -99  -99   -99 -99
1756 03 08 -99  -99   -99 -99
1756 03 09 -99  -99   -99 -99
1756 03 10   0  0.27   0   1
1756 03 11 -99  -99   -99 -99
1756 03 12 -99  -99   -99 -99
1756 03 13 -99  -99   -99 -99
1756 03 14 -99  -99   -99 -99
1756 03 15 -99  -99   -99 -99
1756 03 16 -99  -99   -99 -99
1756 03 17 -99  -99   -99 -99
1756 03 18 -99  -99   -99 -99
1756 03 19 -99  -99   -99 -99
1756 03 20 -99  -99   -99 -99
1756 03 21 -99  -99   -99 -99
1756 03 22 -99  -99   -99 -99
1756 03 23 -99  -99   -99 -99
1756 03 24 -99  -99   -99 -99
1756 03 25 -99  -99   -99 -99
1756 03 26 -99  -99   -99 -99
1756 03 27 -99  -99   -99 -99
1756 03 28 -99  -99   -99 -99
1756 03 29 -99  -99   -99 -99
1756 03 30   0  0.27   0   1
1756 03 31 -99  -99   -99 -99
1756 04 01 -99  -99   -99 -99
1756 04 02 -99  -99   -99 -99
1756 04 03 -99  -99   -99 -99
1756 04 04 -99  -99   -99 -99
1756 04 05 -99  -99   -99 -99
1756 04 06 -99  -99   -99 -99
1756 04 07   1  1.5    1   2
1756 04 08   1  1.5    1   2
1756 04 09 -99  -99   -99 -99
1756 04 10 -99  -99   -99 -99
1756 04 11 -99  -99   -99 -99
1756 04 12   1  1.5    1   2
1756 04 13   1  1.5    1   2
1756 04 14 -99  -99   -99 -99
1756 04 15   1  1.5    1   2
1756 04 16 -99  -99   -99 -99
1756 04 17   0  0.27   0   1
1756 04 18   0  0.27   0   1
1756 04 19   0  0.27   0   1
1756 04 20   0  0.27   0   1
1756 04 21   0  0.27   0   1
1756 04 22   0  0.27   0   1
1756 04 23   0  0.27   0   1
1756 04 24   0  0.27   0   1
1756 04 25 -99  -99   -99 -99
1756 04 26 -99  -99   -99 -99
1756 04 27   0  0.27   0   1
1756 04 28 -99  -99   -99 -99
1756 04 29 -99  -99   -99 -99
1756 04 30 -99  -99   -99 -99
1756 04 31 -99  -99   -99 -99
1756 05 01 -99  -99   -99 -99
1756 05 02 -99  -99   -99 -99
1756 05 03 -99  -99   -99 -99
1756 05 04 -99  -99   -99 -99
1756 05 05   1  1.5    1   2
1756 05 06   1  1.5    1   2
1756 05 07   1  1.5    1   2
1756 05 08 -99  -99   -99 -99
1756 05 09 -99  -99   -99 -99
1756 05 10 -99  -99   -99 -99
1756 05 11 -99  -99   -99 -99
1756 05 12 -99  -99   -99 -99
1756 05 13 -99  -99   -99 -99
1756 05 14 -99  -99   -99 -99
1756 05 15 -99  -99   -99 -99
1756 05 16 -99  -99   -99 -99
1756 05 17 -99  -99   -99 -99
1756 05 18 -99  -99   -99 -99
1756 05 19 -99  -99   -99 -99
1756 05 20 -99  -99   -99 -99
1756 05 21   1  1.5    1   2
1756 05 22   1  1.5    1   2
1756 05 23 -99  -99   -99 -99
1756 05 24   0  0.27   0   1
1756 05 25 -99  -99   -99 -99
1756 05 26   0  0.27   0   1
1756 05 27   0  0.27   0   1
1756 05 28   0  0.27   0   1
1756 05 29   0  0.27   0   1
1756 05 30 -99  -99   -99 -99
1756 05 31   1  1.5    1   2
1756 06 01   1  1.5    1   2
1756 06 02   2  2.75   2   4
1756 06 03   1  1.5    1   2
1756 06 04   0  0.27   0   1
1756 06 05 -99  -99   -99 -99
1756 06 06 -99  -99   -99 -99
1756 06 07 -99  -99   -99 -99
1756 06 08   1  1.5    1   2
1756 06 09 -99  -99   -99 -99
1756 06 10   1  1.5    1   2
1756 06 11 -99  -99   -99 -99
1756 06 12 -99  -99   -99 -99
1756 06 13 -99  -99   -99 -99
1756 06 14 -99  -99   -99 -99
1756 06 15 -99  -99   -99 -99
1756 06 16 -99  -99   -99 -99
1756 06 17 -99  -99   -99 -99
1756 06 18 -99  -99   -99 -99
1756 06 19   1  1.5    1   2
1756 06 20 -99  -99   -99 -99
1756 06 21 -99  -99   -99 -99
1756 06 22 -99  -99   -99 -99
1756 06 23 -99  -99   -99 -99
1756 06 24 -99  -99   -99 -99
1756 06 25 -99  -99   -99 -99
1756 06 26 -99  -99   -99 -99
1756 06 27 -99  -99   -99 -99
1756 06 28 -99  -99   -99 -99
1756 06 29 -99  -99   -99 -99
1756 06 30 -99  -99   -99 -99
1756 06 31 -99  -99   -99 -99
1756 07 01 -99  -99   -99 -99
1756 07 02 -99  -99   -99 -99
1756 07 03 -99  -99   -99 -99
1756 07 04 -99  -99   -99 -99
1756 07 05   1  1.5    1   2
1756 07 06 -99  -99   -99 -99
1756 07 07 -99  -99   -99 -99
1756 07 08 -99  -99   -99 -99
1756 07 09 -99  -99   -99 -99
1756 07 10 -99  -99   -99 -99
1756 07 11 -99  -99   -99 -99
1756 07 12 -99  -99   -99 -99
1756 07 13 -99  -99   -99 -99
1756 07 14   1  1.5    1   2
1756 07 15 -99  -99   -99 -99
1756 07 16 -99  -99   -99 -99
1756 07 17 -99  -99   -99 -99
1756 07 18 -99  -99   -99 -99
1756 07 19 -99  -99   -99 -99
1756 07 20 -99  -99   -99 -99
1756 07 21   0  0.27   0   1
1756 07 22 -99  -99   -99 -99
1756 07 23 -99  -99   -99 -99
1756 07 24 -99  -99   -99 -99
1756 07 25 -99  -99   -99 -99
1756 07 26   0  0.27   0   1
1756 07 27   0  0.27   0   1
1756 07 28   0  0.27   0   1
1756 07 29   0  0.27   0   1
1756 07 30   0  0.27   0   1
1756 07 31 -99  -99   -99 -99
1756 08 01 -99  -99   -99 -99
1756 08 02 -99  -99   -99 -99
1756 08 03 -99  -99   -99 -99
1756 08 04   1  1.5    1   2
1756 08 05 -99  -99   -99 -99
1756 08 06 -99  -99   -99 -99
1756 08 07   1  1.5    1   2
1756 08 08   0  0.27   0   1
1756 08 09 -99  -99   -99 -99
1756 08 10 -99  -99   -99 -99
1756 08 11 -99  -99   -99 -99
1756 08 12 -99  -99   -99 -99
1756 08 13 -99  -99   -99 -99
1756 08 14 -99  -99   -99 -99
1756 08 15 -99  -99   -99 -99
1756 08 16 -99  -99   -99 -99
1756 08 17   0  0.27   0   1
1756 08 18 -99  -99   -99 -99
1756 08 19 -99  -99   -99 -99
1756 08 20 -99  -99   -99 -99
1756 08 21 -99  -99   -99 -99
1756 08 22 -99  -99   -99 -99
1756 08 23 -99  -99   -99 -99
1756 08 24 -99  -99   -99 -99
1756 08 25 -99  -99   -99 -99
1756 08 26 -99  -99   -99 -99
1756 08 27 -99  -99   -99 -99
1756 08 28 -99  -99   -99 -99
1756 08 29 -99  -99   -99 -99
1756 08 30   0  0.27   0   1
1756 08 31 -99  -99   -99 -99
1756 09 01 -99  -99   -99 -99
1756 09 02 -99  -99   -99 -99
1756 09 03   1  1.5    1   2
1756 09 04   1  1.5    1   2
1756 09 05 -99  -99   -99 -99
1756 09 06 -99  -99   -99 -99
1756 09 07 -99  -99   -99 -99
1756 09 08 -99  -99   -99 -99
1756 09 09 -99  -99   -99 -99
1756 09 10   1  1.5    1   2
1756 09 11 -99  -99   -99 -99
1756 09 12 -99  -99   -99 -99
1756 09 13 -99  -99   -99 -99
1756 09 14 -99  -99   -99 -99
1756 09 15 -99  -99   -99 -99
1756 09 16 -99  -99   -99 -99
1756 09 17 -99  -99   -99 -99
1756 09 18 -99  -99   -99 -99
1756 09 19 -99  -99   -99 -99
1756 09 20 -99  -99   -99 -99
1756 09 21 -99  -99   -99 -99
1756 09 22 -99  -99   -99 -99
1756 09 23 -99  -99   -99 -99
1756 09 24 -99  -99   -99 -99
1756 09 25 -99  -99   -99 -99
1756 09 26 -99  -99   -99 -99
1756 09 27 -99  -99   -99 -99
1756 09 28 -99  -99   -99 -99
1756 09 29 -99  -99   -99 -99
1756 09 30 -99  -99   -99 -99
1756 09 31 -99  -99   -99 -99
1756 10 01 -99  -99   -99 -99
1756 10 02 -99  -99   -99 -99
1756 10 03 -99  -99   -99 -99
1756 10 04 -99  -99   -99 -99
1756 10 05 -99  -99   -99 -99
1756 10 06 -99  -99   -99 -99
1756 10 07 -99  -99   -99 -99
1756 10 08 -99  -99   -99 -99
1756 10 09   0  0.27   0   1
1756 10 10 -99  -99   -99 -99
1756 10 11   1  1.5    1   2
1756 10 12   1  1.5    1   2
1756 10 13 -99  -99   -99 -99
1756 10 14 -99  -99   -99 -99
1756 10 15 -99  -99   -99 -99
1756 10 16   2  2.75   2   4
1756 10 17   2  2.75   2   4
1756 10 18   2  2.75   2   4
1756 10 19 -99  -99   -99 -99
1756 10 20   0  0.27   0   1
1756 10 21   0  0.27   0   1
1756 10 22 -99  -99   -99 -99
1756 10 23   1  1.5    1   2
1756 10 24   0  0.27   0   1
1756 10 25   0  0.27   0   1
1756 10 26 -99  -99   -99 -99
1756 10 27   1  1.5    1   2
1756 10 28   1  1.5    1   2
1756 10 29   1  1.5    1   2
1756 10 30   1  1.5    1   2
1756 10 31 -99  -99   -99 -99
1756 11 01   1  1.5    1   2
1756 11 02   1  1.5    1   2
1756 11 03   1  1.5    1   2
1756 11 04   1  1.5    1   2
1756 11 05   2  2.75   2   4
1756 11 06 -99  -99   -99 -99
1756 11 07 -99  -99   -99 -99
1756 11 08   2  2.75   2   4
1756 11 09 -99  -99   -99 -99
1756 11 10 -99  -99   -99 -99
1756 11 11 -99  -99   -99 -99
1756 11 12   0  0.27   0   1
1756 11 13   0  0.27   0   1
1756 11 14   0  0.27   0   1
1756 11 15   1  1.5    1   2
1756 11 16 -99  -99   -99 -99
1756 11 17 -99  -99   -99 -99
1756 11 18   1  1.5    1   2
1756 11 19   1  1.5    1   2
1756 11 20   1  1.5    1   2
1756 11 21   1  1.5    1   2
1756 11 22 -99  -99   -99 -99
1756 11 23   1  1.5    1   2
1756 11 24   1  1.5    1   2
1756 11 25   1  1.5    1   2
1756 11 26 -99  -99   -99 -99
1756 11 27 -99  -99   -99 -99
1756 11 28   2  2.75   2   4
1756 11 29   1  1.5    1   2
1756 11 30 -99  -99   -99 -99
1756 11 31 -99  -99   -99 -99
1756 12 01 -99  -99   -99 -99
1756 12 02 -99  -99   -99 -99
1756 12 03   1  1.5    1   2
1756 12 04   1  1.5    1   2
1756 12 05   1  1.5    1   2
1756 12 06 -99  -99   -99 -99
1756 12 07 -99  -99   -99 -99
1756 12 08 -99  -99   -99 -99
1756 12 09 -99  -99   -99 -99
1756 12 10 -99  -99   -99 -99
1756 12 11 -99  -99   -99 -99
1756 12 12 -99  -99   -99 -99
1756 12 13   0  0.27   0   1
1756 12 14 -99  -99   -99 -99
1756 12 15 -99  -99   -99 -99
1756 12 16   1  1.5    1   2
1756 12 17 -99  -99   -99 -99
1756 12 18 -99  -99   -99 -99
1756 12 19 -99  -99   -99 -99
1756 12 20 -99  -99   -99 -99
1756 12 21 -99  -99   -99 -99
1756 12 22 -99  -99   -99 -99
1756 12 23 -99  -99   -99 -99
1756 12 24 -99  -99   -99 -99
1756 12 25   0  0.27   0   1
1756 12 26   0  0.27   0   1
1756 12 27   0  0.27   0   1
1756 12 28 -99  -99   -99 -99
1756 12 29 -99  -99   -99 -99
1756 12 30 -99  -99   -99 -99
1756 12 31 -99  -99   -99 -99
1757 01 01 -99  -99   -99 -99
1757 01 02   1  1.5    1   2
1757 01 03 -99  -99   -99 -99
1757 01 04   2  2.75   2   4
1757 01 05 -99  -99   -99 -99
1757 01 06 -99  -99   -99 -99
1757 01 07 -99  -99   -99 -99
1757 01 08 -99  -99   -99 -99
1757 01 09   0  0.27   0   1
1757 01 10 -99  -99   -99 -99
1757 01 11 -99  -99   -99 -99
1757 01 12 -99  -99   -99 -99
1757 01 13   0  0.27   0   1
1757 01 14 -99  -99   -99 -99
1757 01 15 -99  -99   -99 -99
1757 01 16 -99  -99   -99 -99
1757 01 17 -99  -99   -99 -99
1757 01 18 -99  -99   -99 -99
1757 01 19 -99  -99   -99 -99
1757 01 20 -99  -99   -99 -99
1757 01 21   0  0.27   0   1
1757 01 22 -99  -99   -99 -99
1757 01 23 -99  -99   -99 -99
1757 01 24 -99  -99   -99 -99
1757 01 25 -99  -99   -99 -99
1757 01 26 -99  -99   -99 -99
1757 01 27   1  1.5    1   2
1757 01 28 -99  -99   -99 -99
1757 01 29 -99  -99   -99 -99
1757 01 30   1  1.5    1   2
1757 01 31   0  0.27   0   1
1757 02 01 -99  -99   -99 -99
1757 02 02 -99  -99   -99 -99
1757 02 03 -99  -99   -99 -99
1757 02 04 -99  -99   -99 -99
1757 02 05 -99  -99   -99 -99
1757 02 06 -99  -99   -99 -99
1757 02 07 -99  -99   -99 -99
1757 02 08 -99  -99   -99 -99
1757 02 09 -99  -99   -99 -99
1757 02 10 -99  -99   -99 -99
1757 02 11 -99  -99   -99 -99
1757 02 12 -99  -99   -99 -99
1757 02 13 -99  -99   -99 -99
1757 02 14 -99  -99   -99 -99
1757 02 15 -99  -99   -99 -99
1757 02 16 -99  -99   -99 -99
1757 02 17 -99  -99   -99 -99
1757 02 18 -99  -99   -99 -99
1757 02 19 -99  -99   -99 -99
1757 02 20 -99  -99   -99 -99
1757 02 21 -99  -99   -99 -99
1757 02 22 -99  -99   -99 -99
1757 02 23 -99  -99   -99 -99
1757 02 24   1  1.5    1   2
1757 02 25   1  1.5    1   2
1757 02 26   1  1.5    1   2
1757 02 27   1  1.5    1   2
1757 02 28   1  1.5    1   2
1757 02 29 -99  -99   -99 -99
1757 02 30 -99  -99   -99 -99
1757 02 31 -99  -99   -99 -99
1757 03 01 -99  -99   -99 -99
1757 03 02 -99  -99   -99 -99
1757 03 03 -99  -99   -99 -99
1757 03 04   2  2.75   2   4
1757 03 05   2  2.75   2   4
1757 03 06 -99  -99   -99 -99
1757 03 07 -99  -99   -99 -99
1757 03 08 -99  -99   -99 -99
1757 03 09 -99  -99   -99 -99
1757 03 10 -99  -99   -99 -99
1757 03 11   2  2.75   2   4
1757 03 12 -99  -99   -99 -99
1757 03 13 -99  -99   -99 -99
1757 03 14 -99  -99   -99 -99
1757 03 15   2  2.75   2   4
1757 03 16 -99  -99   -99 -99
1757 03 17   1  1.5    1   2
1757 03 18 -99  -99   -99 -99
1757 03 19   0  0.27   0   1
1757 03 20 -99  -99   -99 -99
1757 03 21 -99  -99   -99 -99
1757 03 22 -99  -99   -99 -99
1757 03 23   1  1.5    1   2
1757 03 24   1  1.5    1   2
1757 03 25 -99  -99   -99 -99
1757 03 26   1  1.5    1   2
1757 03 27   1  1.5    1   2
1757 03 28   2  2.75   2   4
1757 03 29   2  2.75   2   4
1757 03 30 -99  -99   -99 -99
1757 03 31 -99  -99   -99 -99
1757 04 01   1  1.5    1   2
1757 04 02 -99  -99   -99 -99
1757 04 03 -99  -99   -99 -99
1757 04 04 -99  -99   -99 -99
1757 04 05   3  3.99   3   5
1757 04 06   3  3.99   3   5
1757 04 07   3  3.99   3   5
1757 04 08 -99  -99   -99 -99
1757 04 09   3  3.99   3   5
1757 04 10 -99  -99   -99 -99
1757 04 11   2  2.75   2   4
1757 04 12   2  2.75   2   4
1757 04 13   2  2.75   2   4
1757 04 14 -99  -99   -99 -99
1757 04 15 -99  -99   -99 -99
1757 04 16   2  2.75   2   4
1757 04 17 -99  -99   -99 -99
1757 04 18   1  1.5    1   2
1757 04 19   2  2.75   2   4
1757 04 20   2  2.75   2   4
1757 04 21   2  2.75   2   4
1757 04 22 -99  -99   -99 -99
1757 04 23 -99  -99   -99 -99
1757 04 24 -99  -99   -99 -99
1757 04 25   0  0.27   0   1
1757 04 26   0  0.27   0   1
1757 04 27   0  0.27   0   1
1757 04 28   0  0.27   0   1
1757 04 29 -99  -99   -99 -99
1757 04 30 -99  -99   -99 -99
1757 04 31 -99  -99   -99 -99
1757 05 01 -99  -99   -99 -99
1757 05 02 -99  -99   -99 -99
1757 05 03 -99  -99   -99 -99
1757 05 04 -99  -99   -99 -99
1757 05 05   2  2.75   2   4
1757 05 06 -99  -99   -99 -99
1757 05 07   2  2.75   2   4
1757 05 08 -99  -99   -99 -99
1757 05 09 -99  -99   -99 -99
1757 05 10 -99  -99   -99 -99
1757 05 11 -99  -99   -99 -99
1757 05 12 -99  -99   -99 -99
1757 05 13 -99  -99   -99 -99
1757 05 14   1  1.5    1   2
1757 05 15 -99  -99   -99 -99
1757 05 16 -99  -99   -99 -99
1757 05 17   1  1.5    1   2
1757 05 18 -99  -99   -99 -99
1757 05 19 -99  -99   -99 -99
1757 05 20 -99  -99   -99 -99
1757 05 21   1  1.5    1   2
1757 05 22 -99  -99   -99 -99
1757 05 23   1  1.5    1   2
1757 05 24 -99  -99   -99 -99
1757 05 25   1  1.5    1   2
1757 05 26 -99  -99   -99 -99
1757 05 27   1  1.5    1   2
1757 05 28   1  1.5    1   2
1757 05 29 -99  -99   -99 -99
1757 05 30 -99  -99   -99 -99
1757 05 31 -99  -99   -99 -99
1757 06 01 -99  -99   -99 -99
1757 06 02 -99  -99   -99 -99
1757 06 03   0  0.27   0   1
1757 06 04 -99  -99   -99 -99
1757 06 05 -99  -99   -99 -99
1757 06 06 -99  -99   -99 -99
1757 06 07 -99  -99   -99 -99
1757 06 08 -99  -99   -99 -99
1757 06 09 -99  -99   -99 -99
1757 06 10 -99  -99   -99 -99
1757 06 11 -99  -99   -99 -99
1757 06 12 -99  -99   -99 -99
1757 06 13   1  1.5    1   2
1757 06 14 -99  -99   -99 -99
1757 06 15   1  1.5    1   2
1757 06 16 -99  -99   -99 -99
1757 06 17   1  1.5    1   2
1757 06 18 -99  -99   -99 -99
1757 06 19 -99  -99   -99 -99
1757 06 20 -99  -99   -99 -99
1757 06 21 -99  -99   -99 -99
1757 06 22   1  1.5    1   2
1757 06 23 -99  -99   -99 -99
1757 06 24 -99  -99   -99 -99
1757 06 25 -99  -99   -99 -99
1757 06 26 -99  -99   -99 -99
1757 06 27 -99  -99   -99 -99
1757 06 28 -99  -99   -99 -99
1757 06 29 -99  -99   -99 -99
1757 06 30 -99  -99   -99 -99
1757 06 31 -99  -99   -99 -99
1757 07 01 -99  -99   -99 -99
1757 07 02 -99  -99   -99 -99
1757 07 03 -99  -99   -99 -99
1757 07 04 -99  -99   -99 -99
1757 07 05   0  0.27   0   1
1757 07 06 -99  -99   -99 -99
1757 07 07   0  0.27   0   1
1757 07 08 -99  -99   -99 -99
1757 07 09 -99  -99   -99 -99
1757 07 10 -99  -99   -99 -99
1757 07 11 -99  -99   -99 -99
1757 07 12   1  1.5    1   2
1757 07 13 -99  -99   -99 -99
1757 07 14 -99  -99   -99 -99
1757 07 15 -99  -99   -99 -99
1757 07 16 -99  -99   -99 -99
1757 07 17 -99  -99   -99 -99
1757 07 18 -99  -99   -99 -99
1757 07 19 -99  -99   -99 -99
1757 07 20 -99  -99   -99 -99
1757 07 21 -99  -99   -99 -99
1757 07 22 -99  -99   -99 -99
1757 07 23 -99  -99   -99 -99
1757 07 24 -99  -99   -99 -99
1757 07 25 -99  -99   -99 -99
1757 07 26 -99  -99   -99 -99
1757 07 27 -99  -99   -99 -99
1757 07 28 -99  -99   -99 -99
1757 07 29 -99  -99   -99 -99
1757 07 30 -99  -99   -99 -99
1757 07 31 -99  -99   -99 -99
1757 08 01 -99  -99   -99 -99
1757 08 02 -99  -99   -99 -99
1757 08 03 -99  -99   -99 -99
1757 08 04 -99  -99   -99 -99
1757 08 05 -99  -99   -99 -99
1757 08 06 -99  -99   -99 -99
1757 08 07 -99  -99   -99 -99
1757 08 08 -99  -99   -99 -99
1757 08 09 -99  -99   -99 -99
1757 08 10 -99  -99   -99 -99
1757 08 11 -99  -99   -99 -99
1757 08 12 -99  -99   -99 -99
1757 08 13 -99  -99   -99 -99
1757 08 14 -99  -99   -99 -99
1757 08 15 -99  -99   -99 -99
1757 08 16 -99  -99   -99 -99
1757 08 17 -99  -99   -99 -99
1757 08 18 -99  -99   -99 -99
1757 08 19 -99  -99   -99 -99
1757 08 20 -99  -99   -99 -99
1757 08 21 -99  -99   -99 -99
1757 08 22 -99  -99   -99 -99
1757 08 23 -99  -99   -99 -99
1757 08 24   5  6.39   5   8
1757 08 25 -99  -99   -99 -99
1757 08 26 -99  -99   -99 -99
1757 08 27 -99  -99   -99 -99
1757 08 28 -99  -99   -99 -99
1757 08 29 -99  -99   -99 -99
1757 08 30 -99  -99   -99 -99
1757 08 31 -99  -99   -99 -99
1757 09 01 -99  -99   -99 -99
1757 09 02 -99  -99   -99 -99
1757 09 03   1  1.5    1   2
1757 09 04 -99  -99   -99 -99
1757 09 05 -99  -99   -99 -99
1757 09 06 -99  -99   -99 -99
1757 09 07 -99  -99   -99 -99
1757 09 08 -99  -99   -99 -99
1757 09 09 -99  -99   -99 -99
1757 09 10 -99  -99   -99 -99
1757 09 11 -99  -99   -99 -99
1757 09 12 -99  -99   -99 -99
1757 09 13 -99  -99   -99 -99
1757 09 14   1  1.5    1   2
1757 09 15 -99  -99   -99 -99
1757 09 16 -99  -99   -99 -99
1757 09 17 -99  -99   -99 -99
1757 09 18 -99  -99   -99 -99
1757 09 19 -99  -99   -99 -99
1757 09 20 -99  -99   -99 -99
1757 09 21 -99  -99   -99 -99
1757 09 22 -99  -99   -99 -99
1757 09 23 -99  -99   -99 -99
1757 09 24 -99  -99   -99 -99
1757 09 25 -99  -99   -99 -99
1757 09 26 -99  -99   -99 -99
1757 09 27 -99  -99   -99 -99
1757 09 28   2  2.75   2   4
1757 09 29 -99  -99   -99 -99
1757 09 30 -99  -99   -99 -99
1757 09 31 -99  -99   -99 -99
1757 10 01   2  2.75   2   4
1757 10 02 -99  -99   -99 -99
1757 10 03   2  2.75   2   4
1757 10 04   2  2.75   2   4
1757 10 05   2  2.75   2   4
1757 10 06   2  2.75   2   4
1757 10 07   2  2.75   2   4
1757 10 08   3  3.99   3   5
1757 10 09 -99  -99   -99 -99
1757 10 10   0  0.27   0   1
1757 10 11 -99  -99   -99 -99
1757 10 12 -99  -99   -99 -99
1757 10 13 -99  -99   -99 -99
1757 10 14 -99  -99   -99 -99
1757 10 15 -99  -99   -99 -99
1757 10 16 -99  -99   -99 -99
1757 10 17   1  1.5    1   2
1757 10 18 -99  -99   -99 -99
1757 10 19 -99  -99   -99 -99
1757 10 20   4  5.19   4   6
1757 10 21   3  3.99   3   5
1757 10 22 -99  -99   -99 -99
1757 10 23 -99  -99   -99 -99
1757 10 24 -99  -99   -99 -99
1757 10 25 -99  -99   -99 -99
1757 10 26 -99  -99   -99 -99
1757 10 27 -99  -99   -99 -99
1757 10 28   1  1.5    1   2
1757 10 29 -99  -99   -99 -99
1757 10 30 -99  -99   -99 -99
1757 10 31   0  0.27   0   1
1757 11 01 -99  -99   -99 -99
1757 11 02 -99  -99   -99 -99
1757 11 03 -99  -99   -99 -99
1757 11 04 -99  -99   -99 -99
1757 11 05 -99  -99   -99 -99
1757 11 06   3  3.99   3   5
1757 11 07 -99  -99   -99 -99
1757 11 08   3  3.99   3   5
1757 11 09 -99  -99   -99 -99
1757 11 10 -99  -99   -99 -99
1757 11 11 -99  -99   -99 -99
1757 11 12 -99  -99   -99 -99
1757 11 13 -99  -99   -99 -99
1757 11 14 -99  -99   -99 -99
1757 11 15   7  8.59   7   10
1757 11 16 -99  -99   -99 -99
1757 11 17 -99  -99   -99 -99
1757 11 18 -99  -99   -99 -99
1757 11 19 -99  -99   -99 -99
1757 11 20 -99  -99   -99 -99
1757 11 21 -99  -99   -99 -99
1757 11 22 -99  -99   -99 -99
1757 11 23   1  1.5    1   2
1757 11 24 -99  -99   -99 -99
1757 11 25 -99  -99   -99 -99
1757 11 26 -99  -99   -99 -99
1757 11 27 -99  -99   -99 -99
1757 11 28 -99  -99   -99 -99
1757 11 29 -99  -99   -99 -99
1757 11 30 -99  -99   -99 -99
1757 11 31 -99  -99   -99 -99
1757 12 01 -99  -99   -99 -99
1757 12 02 -99  -99   -99 -99
1757 12 03 -99  -99   -99 -99
1757 12 04 -99  -99   -99 -99
1757 12 05 -99  -99   -99 -99
1757 12 06 -99  -99   -99 -99
1757 12 07 -99  -99   -99 -99
1757 12 08   6  7.47   6   9
1757 12 09 -99  -99   -99 -99
1757 12 10 -99  -99   -99 -99
1757 12 11 -99  -99   -99 -99
1757 12 12 -99  -99   -99 -99
1757 12 13 -99  -99   -99 -99
1757 12 14 -99  -99   -99 -99
1757 12 15 -99  -99   -99 -99
1757 12 16 -99  -99   -99 -99
1757 12 17 -99  -99   -99 -99
1757 12 18 -99  -99   -99 -99
1757 12 19 -99  -99   -99 -99
1757 12 20 -99  -99   -99 -99
1757 12 21 -99  -99   -99 -99
1757 12 22 -99  -99   -99 -99
1757 12 23 -99  -99   -99 -99
1757 12 24 -99  -99   -99 -99
1757 12 25 -99  -99   -99 -99
1757 12 26   1  1.5    1   2
1757 12 27 -99  -99   -99 -99
1757 12 28 -99  -99   -99 -99
1757 12 29 -99  -99   -99 -99
1757 12 30   3  3.99   3   5
1757 12 31   2  2.75   2   4
1758 01 01   2  2.75   2   4
1758 01 02 -99  -99   -99 -99
1758 01 03   3  3.99   3   5
1758 01 04   3  3.99   3   5
1758 01 05   3  3.99   3   5
1758 01 06 -99  -99   -99 -99
1758 01 07   3  3.99   3   5
1758 01 08   4  5.19   4   6
1758 01 09 -99  -99   -99 -99
1758 01 10 -99  -99   -99 -99
1758 01 11 -99  -99   -99 -99
1758 01 12 -99  -99   -99 -99
1758 01 13 -99  -99   -99 -99
1758 01 14 -99  -99   -99 -99
1758 01 15 -99  -99   -99 -99
1758 01 16 -99  -99   -99 -99
1758 01 17 -99  -99   -99 -99
1758 01 18   2  2.75   2   4
1758 01 19 -99  -99   -99 -99
1758 01 20 -99  -99   -99 -99
1758 01 21   2  2.75   2   4
1758 01 22 -99  -99   -99 -99
1758 01 23 -99  -99   -99 -99
1758 01 24 -99  -99   -99 -99
1758 01 25 -99  -99   -99 -99
1758 01 26   1  1.5    1   2
1758 01 27 -99  -99   -99 -99
1758 01 28 -99  -99   -99 -99
1758 01 29 -99  -99   -99 -99
1758 01 30   1  1.5    1   2
1758 01 31   1  1.5    1   2
1758 02 01 -99  -99   -99 -99
1758 02 02   2  2.75   2   4
1758 02 03   3  3.99   3   5
1758 02 04   4  5.19   4   6
1758 02 05 -99  -99   -99 -99
1758 02 06   4  5.19   4   6
1758 02 07 -99  -99   -99 -99
1758 02 08 -99  -99   -99 -99
1758 02 09 -99  -99   -99 -99
1758 02 10 -99  -99   -99 -99
1758 02 11 -99  -99   -99 -99
1758 02 12 -99  -99   -99 -99
1758 02 13 -99  -99   -99 -99
1758 02 14 -99  -99   -99 -99
1758 02 15 -99  -99   -99 -99
1758 02 16 -99  -99   -99 -99
1758 02 17 -99  -99   -99 -99
1758 02 18 -99  -99   -99 -99
1758 02 19 -99  -99   -99 -99
1758 02 20 -99  -99   -99 -99
1758 02 21 -99  -99   -99 -99
1758 02 22   2  2.75   2   4
1758 02 23 -99  -99   -99 -99
1758 02 24 -99  -99   -99 -99
1758 02 25 -99  -99   -99 -99
1758 02 26   2  2.75   2   4
1758 02 27 -99  -99   -99 -99
1758 02 28 -99  -99   -99 -99
1758 02 29 -99  -99   -99 -99
1758 02 30 -99  -99   -99 -99
1758 02 31 -99  -99   -99 -99
1758 03 01   2  2.75   2   4
1758 03 02 -99  -99   -99 -99
1758 03 03 -99  -99   -99 -99
1758 03 04   3  3.99   3   5
1758 03 05   3  3.99   3   5
1758 03 06 -99  -99   -99 -99
1758 03 07 -99  -99   -99 -99
1758 03 08 -99  -99   -99 -99
1758 03 09 -99  -99   -99 -99
1758 03 10 -99  -99   -99 -99
1758 03 11 -99  -99   -99 -99
1758 03 12 -99  -99   -99 -99
1758 03 13 -99  -99   -99 -99
1758 03 14 -99  -99   -99 -99
1758 03 15   2  2.75   2   4
1758 03 16 -99  -99   -99 -99
1758 03 17   2  2.75   2   4
1758 03 18 -99  -99   -99 -99
1758 03 19 -99  -99   -99 -99
1758 03 20 -99  -99   -99 -99
1758 03 21   1  1.5    1   2
1758 03 22   1  1.5    1   2
1758 03 23 -99  -99   -99 -99
1758 03 24 -99  -99   -99 -99
1758 03 25   3  3.99   3   5
1758 03 26 -99  -99   -99 -99
1758 03 27   4  5.19   4   6
1758 03 28 -99  -99   -99 -99
1758 03 29   5  6.39   5   8
1758 03 30 -99  -99   -99 -99
1758 03 31 -99  -99   -99 -99
1758 04 01   4  5.19   4   6
1758 04 02 -99  -99   -99 -99
1758 04 03 -99  -99   -99 -99
1758 04 04   6  7.47   6   9
1758 04 05   4  5.19   4   6
1758 04 06 -99  -99   -99 -99
1758 04 07   3  3.99   3   5
1758 04 08   3  3.99   3   5
1758 04 09 -99  -99   -99 -99
1758 04 10   4  5.19   4   6
1758 04 11   4  5.19   4   6
1758 04 12 -99  -99   -99 -99
1758 04 13 -99  -99   -99 -99
1758 04 14 -99  -99   -99 -99
1758 04 15 -99  -99   -99 -99
1758 04 16 -99  -99   -99 -99
1758 04 17 -99  -99   -99 -99
1758 04 18 -99  -99   -99 -99
1758 04 19 -99  -99   -99 -99
1758 04 20   1  1.5    1   2
1758 04 21 -99  -99   -99 -99
1758 04 22   1  1.5    1   2
1758 04 23 -99  -99   -99 -99
1758 04 24 -99  -99   -99 -99
1758 04 25 -99  -99   -99 -99
1758 04 26   6  7.47   6   9
1758 04 27   7  8.59   7   10
1758 04 28 -99  -99   -99 -99
1758 04 29   4  5.19   4   6
1758 04 30 -99  -99   -99 -99
1758 04 31 -99  -99   -99 -99
1758 05 01   3  3.99   3   5
1758 05 02   3  3.99   3   5
1758 05 03 -99  -99   -99 -99
1758 05 04 -99  -99   -99 -99
1758 05 05 -99  -99   -99 -99
1758 05 06   3  3.99   3   5
1758 05 07 -99  -99   -99 -99
1758 05 08   2  2.75   2   4
1758 05 09   2  2.75   2   4
1758 05 10 -99  -99   -99 -99
1758 05 11   3  3.99   3   5
1758 05 12   4  5.19   4   6
1758 05 13 -99  -99   -99 -99
1758 05 14 -99  -99   -99 -99
1758 05 15 -99  -99   -99 -99
1758 05 16 -99  -99   -99 -99
1758 05 17 -99  -99   -99 -99
1758 05 18 -99  -99   -99 -99
1758 05 19 -99  -99   -99 -99
1758 05 20 -99  -99   -99 -99
1758 05 21 -99  -99   -99 -99
1758 05 22 -99  -99   -99 -99
1758 05 23 -99  -99   -99 -99
1758 05 24 -99  -99   -99 -99
1758 05 25 -99  -99   -99 -99
1758 05 26 -99  -99   -99 -99
1758 05 27 -99  -99   -99 -99
1758 05 28 -99  -99   -99 -99
1758 05 29 -99  -99   -99 -99
1758 05 30 -99  -99   -99 -99
1758 05 31 -99  -99   -99 -99
1758 06 01 -99  -99   -99 -99
1758 06 02 -99  -99   -99 -99
1758 06 03 -99  -99   -99 -99
1758 06 04 -99  -99   -99 -99
1758 06 05 -99  -99   -99 -99
1758 06 06 -99  -99   -99 -99
1758 06 07 -99  -99   -99 -99
1758 06 08 -99  -99   -99 -99
1758 06 09 -99  -99   -99 -99
1758 06 10 -99  -99   -99 -99
1758 06 11 -99  -99   -99 -99
1758 06 12 -99  -99   -99 -99
1758 06 13 -99  -99   -99 -99
1758 06 14 -99  -99   -99 -99
1758 06 15 -99  -99   -99 -99
1758 06 16 -99  -99   -99 -99
1758 06 17 -99  -99   -99 -99
1758 06 18 -99  -99   -99 -99
1758 06 19 -99  -99   -99 -99
1758 06 20 -99  -99   -99 -99
1758 06 21 -99  -99   -99 -99
1758 06 22 -99  -99   -99 -99
1758 06 23 -99  -99   -99 -99
1758 06 24 -99  -99   -99 -99
1758 06 25 -99  -99   -99 -99
1758 06 26 -99  -99   -99 -99
1758 06 27 -99  -99   -99 -99
1758 06 28 -99  -99   -99 -99
1758 06 29 -99  -99   -99 -99
1758 06 30 -99  -99   -99 -99
1758 06 31 -99  -99   -99 -99
1758 07 01 -99  -99   -99 -99
1758 07 02 -99  -99   -99 -99
1758 07 03 -99  -99   -99 -99
1758 07 04 -99  -99   -99 -99
1758 07 05 -99  -99   -99 -99
1758 07 06 -99  -99   -99 -99
1758 07 07 -99  -99   -99 -99
1758 07 08 -99  -99   -99 -99
1758 07 09 -99  -99   -99 -99
1758 07 10 -99  -99   -99 -99
1758 07 11 -99  -99   -99 -99
1758 07 12 -99  -99   -99 -99
1758 07 13 -99  -99   -99 -99
1758 07 14 -99  -99   -99 -99
1758 07 15 -99  -99   -99 -99
1758 07 16 -99  -99   -99 -99
1758 07 17 -99  -99   -99 -99
1758 07 18 -99  -99   -99 -99
1758 07 19 -99  -99   -99 -99
1758 07 20 -99  -99   -99 -99
1758 07 21 -99  -99   -99 -99
1758 07 22 -99  -99   -99 -99
1758 07 23 -99  -99   -99 -99
1758 07 24 -99  -99   -99 -99
1758 07 25 -99  -99   -99 -99
1758 07 26 -99  -99   -99 -99
1758 07 27 -99  -99   -99 -99
1758 07 28 -99  -99   -99 -99
1758 07 29 -99  -99   -99 -99
1758 07 30 -99  -99   -99 -99
1758 07 31 -99  -99   -99 -99
1758 08 01 -99  -99   -99 -99
1758 08 02 -99  -99   -99 -99
1758 08 03 -99  -99   -99 -99
1758 08 04 -99  -99   -99 -99
1758 08 05 -99  -99   -99 -99
1758 08 06 -99  -99   -99 -99
1758 08 07 -99  -99   -99 -99
1758 08 08 -99  -99   -99 -99
1758 08 09 -99  -99   -99 -99
1758 08 10 -99  -99   -99 -99
1758 08 11 -99  -99   -99 -99
1758 08 12 -99  -99   -99 -99
1758 08 13 -99  -99   -99 -99
1758 08 14 -99  -99   -99 -99
1758 08 15 -99  -99   -99 -99
1758 08 16 -99  -99   -99 -99
1758 08 17 -99  -99   -99 -99
1758 08 18 -99  -99   -99 -99
1758 08 19 -99  -99   -99 -99
1758 08 20 -99  -99   -99 -99
1758 08 21 -99  -99   -99 -99
1758 08 22 -99  -99   -99 -99
1758 08 23 -99  -99   -99 -99
1758 08 24 -99  -99   -99 -99
1758 08 25 -99  -99   -99 -99
1758 08 26 -99  -99   -99 -99
1758 08 27 -99  -99   -99 -99
1758 08 28 -99  -99   -99 -99
1758 08 29 -99  -99   -99 -99
1758 08 30 -99  -99   -99 -99
1758 08 31 -99  -99   -99 -99
1758 09 01 -99  -99   -99 -99
1758 09 02 -99  -99   -99 -99
1758 09 03 -99  -99   -99 -99
1758 09 04 -99  -99   -99 -99
1758 09 05 -99  -99   -99 -99
1758 09 06 -99  -99   -99 -99
1758 09 07 -99  -99   -99 -99
1758 09 08 -99  -99   -99 -99
1758 09 09 -99  -99   -99 -99
1758 09 10 -99  -99   -99 -99
1758 09 11 -99  -99   -99 -99
1758 09 12 -99  -99   -99 -99
1758 09 13 -99  -99   -99 -99
1758 09 14 -99  -99   -99 -99
1758 09 15 -99  -99   -99 -99
1758 09 16 -99  -99   -99 -99
1758 09 17 -99  -99   -99 -99
1758 09 18 -99  -99   -99 -99
1758 09 19 -99  -99   -99 -99
1758 09 20 -99  -99   -99 -99
1758 09 21 -99  -99   -99 -99
1758 09 22 -99  -99   -99 -99
1758 09 23 -99  -99   -99 -99
1758 09 24 -99  -99   -99 -99
1758 09 25 -99  -99   -99 -99
1758 09 26 -99  -99   -99 -99
1758 09 27 -99  -99   -99 -99
1758 09 28 -99  -99   -99 -99
1758 09 29 -99  -99   -99 -99
1758 09 30 -99  -99   -99 -99
1758 09 31 -99  -99   -99 -99
1758 10 01 -99  -99   -99 -99
1758 10 02 -99  -99   -99 -99
1758 10 03 -99  -99   -99 -99
1758 10 04 -99  -99   -99 -99
1758 10 05 -99  -99   -99 -99
1758 10 06 -99  -99   -99 -99
1758 10 07 -99  -99   -99 -99
1758 10 08 -99  -99   -99 -99
1758 10 09 -99  -99   -99 -99
1758 10 10 -99  -99   -99 -99
1758 10 11 -99  -99   -99 -99
1758 10 12 -99  -99   -99 -99
1758 10 13 -99  -99   -99 -99
1758 10 14 -99  -99   -99 -99
1758 10 15 -99  -99   -99 -99
1758 10 16 -99  -99   -99 -99
1758 10 17 -99  -99   -99 -99
1758 10 18 -99  -99   -99 -99
1758 10 19 -99  -99   -99 -99
1758 10 20 -99  -99   -99 -99
1758 10 21 -99  -99   -99 -99
1758 10 22 -99  -99   -99 -99
1758 10 23 -99  -99   -99 -99
1758 10 24 -99  -99   -99 -99
1758 10 25 -99  -99   -99 -99
1758 10 26 -99  -99   -99 -99
1758 10 27 -99  -99   -99 -99
1758 10 28 -99  -99   -99 -99
1758 10 29 -99  -99   -99 -99
1758 10 30 -99  -99   -99 -99
1758 10 31 -99  -99   -99 -99
1758 11 01 -99  -99   -99 -99
1758 11 02 -99  -99   -99 -99
1758 11 03 -99  -99   -99 -99
1758 11 04 -99  -99   -99 -99
1758 11 05 -99  -99   -99 -99
1758 11 06 -99  -99   -99 -99
1758 11 07 -99  -99   -99 -99
1758 11 08 -99  -99   -99 -99
1758 11 09 -99  -99   -99 -99
1758 11 10 -99  -99   -99 -99
1758 11 11 -99  -99   -99 -99
1758 11 12 -99  -99   -99 -99
1758 11 13 -99  -99   -99 -99
1758 11 14 -99  -99   -99 -99
1758 11 15 -99  -99   -99 -99
1758 11 16 -99  -99   -99 -99
1758 11 17 -99  -99   -99 -99
1758 11 18 -99  -99   -99 -99
1758 11 19 -99  -99   -99 -99
1758 11 20 -99  -99   -99 -99
1758 11 21 -99  -99   -99 -99
1758 11 22 -99  -99   -99 -99
1758 11 23 -99  -99   -99 -99
1758 11 24 -99  -99   -99 -99
1758 11 25 -99  -99   -99 -99
1758 11 26 -99  -99   -99 -99
1758 11 27 -99  -99   -99 -99
1758 11 28 -99  -99   -99 -99
1758 11 29 -99  -99   -99 -99
1758 11 30 -99  -99   -99 -99
1758 11 31 -99  -99   -99 -99
1758 12 01 -99  -99   -99 -99
1758 12 02 -99  -99   -99 -99
1758 12 03 -99  -99   -99 -99
1758 12 04 -99  -99   -99 -99
1758 12 05 -99  -99   -99 -99
1758 12 06 -99  -99   -99 -99
1758 12 07 -99  -99   -99 -99
1758 12 08 -99  -99   -99 -99
1758 12 09 -99  -99   -99 -99
1758 12 10 -99  -99   -99 -99
1758 12 11 -99  -99   -99 -99
1758 12 12 -99  -99   -99 -99
1758 12 13 -99  -99   -99 -99
1758 12 14 -99  -99   -99 -99
1758 12 15 -99  -99   -99 -99
1758 12 16 -99  -99   -99 -99
1758 12 17 -99  -99   -99 -99
1758 12 18 -99  -99   -99 -99
1758 12 19 -99  -99   -99 -99
1758 12 20 -99  -99   -99 -99
1758 12 21 -99  -99   -99 -99
1758 12 22 -99  -99   -99 -99
1758 12 23 -99  -99   -99 -99
1758 12 24 -99  -99   -99 -99
1758 12 25 -99  -99   -99 -99
1758 12 26 -99  -99   -99 -99
1758 12 27 -99  -99   -99 -99
1758 12 28 -99  -99   -99 -99
1758 12 29 -99  -99   -99 -99
1758 12 30 -99  -99   -99 -99
1758 12 31 -99  -99   -99 -99
