1749 2 15 4 7.317 5 10
1749 2 18 4 7.32 5 9
1749 2 21 1 2.497 1 4
1749 2 22 2 4.175 2 6
1749 2 23 2 4.201 2 6
1749 2 26 2 4.07 2 6
1749 2 27 1 2.486 1 4
1749 3 4 3 5.873 4 8
1749 3 5 3 5.929 4 8
1749 3 6 3 5.84 4 8
1749 3 24 2 4.249 2 6
1749 3 28 2 4.2 2 6
1749 3 29 6 10.032 8 12
1749 3 30 8 12.556 10 15
1749 4 4 2 4.185 2 6
1749 4 13 4 7.208 5 9
1749 6 24 5 8.636 6 11
1749 6 28 8 12.703 10 15
1749 7 9 2 4.301 2 6
1749 7 12 4 7.43 5 10
1749 7 14 5 8.689 6 11
1749 7 19 8 12.543 10 15
1749 7 25 8 12.48 10 15
1749 8 3 1 2.498 1 4
1749 8 19 3 5.803 4 8
1749 9 5 4 7.358 5 10
1749 9 6 4 7.297 5 10
1749 9 7 4 7.366 5 10
1749 9 8 3 5.893 4 8
1749 9 9 3 6.007 4 8
1749 9 10 4 7.2 5 9
1749 9 12 2 4.292 2 6
1749 9 13 2 4.297 2 6
1749 9 15 2 4.108 2 6
1749 9 16 3 5.876 4 8
1749 9 17 6 9.791 7 12
1749 9 19 12 17.071 15 20
1749 9 20 8 12.419 10 15
1749 9 22 2 4.243 2 6
1749 9 26 1 2.505 1 4
1749 9 29 6 9.83 8 12
1749 9 30 3 5.838 4 8
1749 10 8 3 5.893 4 8
1749 10 12 8 12.497 10 15
1749 10 14 4 7.294 5 10
1749 10 30 3 5.885 4 8
1749 11 2 5 8.656 7 11
1749 11 5 8 12.498 10 15
1749 11 6 7 11.225 9 14
1749 11 11 4 7.325 5 10
1749 11 24 4 7.34 5 9
1749 12 19 2 4.188 2 6
1749 12 20 6 9.827 8 12
1749 12 21 6 9.981 8 12
1749 12 25 4 7.223 5 9
1750 1 3 3 5.954 4 8
1750 1 4 4 7.348 5 9
1750 1 6 1 2.473 1 4
1750 1 7 1 2.548 1 4
1750 1 12 2 4.119 2 6
1750 2 4 4 7.289 5 10
1750 2 7 2 4.293 2 6
1750 2 19 3 5.846 4 8
1750 2 21 5 8.778 6 11
1750 2 26 2 4.207 2 6
1750 3 17 8 12.574 10 15
1750 4 18 4 7.275 5 9
1750 4 30 3 5.864 4 8
1750 6 12 5 8.551 6 11
1750 7 1 3 5.851 4 8
1750 7 4 3 5.779 4 8
1750 7 9 3 5.852 4 8
1750 7 30 4 7.346 5 10
1750 8 23 4 7.249 5 9
1750 8 31 4 7.324 5 10
1750 9 9 3 5.972 4 8
1750 9 12 4 7.371 5 10
1750 9 17 4 7.308 5 10
1750 10 9 4 7.343 5 10
1750 10 31 0 0.803 0 2
1750 11 31 2 4.266 2 6
1750 12 7 0 0.69 0 1
1750 12 18 2 4.344 2 6
1750 12 22 3 5.889 4 8
1750 12 23 5 8.723 7 11
1750 12 25 2 4.249 2 6
1751 1 10 2 4.208 2 6
1751 1 12 4 7.366 5 10
1751 1 13 8 12.54 10 15
1751 1 20 4 7.32 5 9
1751 2 28 1 2.577 1 4
1751 3 1 1 2.476 1 4
1751 3 7 3 5.874 4 8
1752 1 14 1 2.523 1 4
1752 1 15 2 4.227 2 6
1752 1 18 1 2.478 1 4
1752 1 31 1 2.472 1 4
1752 2 4 1 2.482 1 4
1752 3 5 2 4.323 2 6
1752 3 12 2 4.244 2 6
1752 3 19 6 9.873 8 12
1752 3 25 3 5.927 4 8
1752 4 16 1 2.407 1 4
1752 5 14 1 2.517 1 4
1752 5 20 2 4.247 2 6
1752 6 14 2 4.196 2 6
1752 6 16 1 2.464 1 4
1752 6 23 0 0.749 0 2
1752 6 27 2 4.29 2 6
1752 7 13 4 7.37 5 10
1752 7 18 4 7.274 5 9
1752 7 22 4 7.366 5 10
1752 7 24 3 5.725 4 8
1752 7 30 1 2.455 1 4
1752 8 4 0 0.717 0 2
1752 8 9 2 4.345 2 6
1752 8 14 2 4.193 2 6
1752 8 22 1 2.537 1 4
1752 8 26 1 2.453 1 4
1752 8 29 2 4.267 2 6
1752 8 31 1 2.529 1 4
1752 9 5 0 0.779 0 2
1752 9 7 0 0.686 0 2
1752 9 14 1 2.492 1 4
1752 9 21 2 4.228 2 6
1752 9 25 1 2.408 1 4
1752 9 27 1 2.523 1 4
1752 9 28 1 2.603 1 4
1752 9 29 1 2.563 1 4
1752 9 30 1 2.487 1 4
1752 10 4 1 2.535 1 4
1752 10 8 1 2.586 1 4
1752 10 11 1 2.404 1 4
1752 10 19 3 5.868 4 8
1752 10 24 2 4.29 2 6
1752 11 2 1 2.511 1 4
1752 11 7 1 2.504 1 4
1752 11 13 2 4.236 2 6
1752 11 19 1 2.531 1 4
1752 12 20 0 0.808 0 2
1752 12 31 1 2.405 1 4
1753 2 19 1 2.51 1 4
1753 2 24 1 2.503 1 4
1753 3 5 4 7.324 5 10
1753 6 12 1 2.428 1 4
1753 7 22 0 0.707 0 2
1753 8 15 2 4.153 2 6
1753 9 7 1 2.521 1 4
1753 9 12 1 2.441 1 4
1753 9 20 1 2.468 1 4
1754 10 6 1 2.578 1 4
1756 1 28 1 2.4 1 4
1756 1 29 1 2.496 1 4
1756 1 30 1 2.488 1 4
1756 1 31 2 4.313 2 6
1756 3 2 1 2.457 1 4
1756 3 3 1 2.443 1 4
1756 11 7 1 2.555 1 4
1757 2 21 1 2.504 1 4
1757 9 28 1 2.474 1 4
1757 10 4 1 2.578 1 4
1758 8 16 1 2.533 1 4
1758 9 16 3 5.936 4 8
1758 9 17 3 5.77 4 8
1758 10 4 1 2.459 1 4
1759 2 1 2 4.138 2 6
1759 3 3 1 2.56 1 4
1759 3 15 2 4.244 2 6
1759 3 21 2 4.215 2 6
1759 3 22 2 4.229 2 6
1759 3 25 1 2.527 1 4
1759 9 1 4 7.376 5 10
1759 9 2 4 7.426 5 10
1759 9 9 4 7.348 5 10
1759 11 4 1 2.416 1 4
1760 2 3 4 7.205 5 9
1760 2 9 2 4.269 2 6
1760 2 10 4 7.265 5 9
1760 2 11 3 5.956 4 8
1760 2 12 2 4.294 2 6
1760 2 13 3 5.891 4 8
1760 2 15 3 5.877 4 8
1760 2 18 6 9.856 7 12
1760 2 19 3 6.033 4 8
1760 3 7 5 8.55 6 11
1760 3 9 3 5.859 4 8
1760 3 10 3 5.812 4 8
1760 3 11 3 5.864 4 8
1760 3 28 6 9.787 8 12
1760 3 29 4 7.352 5 10
1760 3 30 2 4.247 2 6
1760 3 31 2 4.251 2 6
1760 6 13 1 2.5 1 4
1760 8 16 3 5.903 4 8
1760 8 17 5 8.735 6 11
1760 8 19 3 5.82 4 8
1760 8 23 5 8.52 6 11
1760 9 10 4 7.321 5 10
1760 9 11 4 7.379 5 10
1760 9 12 4 7.355 5 10
1760 9 14 2 4.219 2 6
1760 9 16 1 2.484 1 4
1760 9 17 2 4.298 2 6
1760 9 22 1 2.507 1 4
1760 9 23 2 4.197 2 6
1760 9 26 6 9.91 8 12
1760 9 27 4 7.335 5 10
1760 9 30 2 4.286 2 6
1760 10 2 3 5.844 4 8
1760 10 3 3 5.826 4 8
1760 10 4 1 2.504 1 4
1760 10 6 1 2.585 1 4
1760 10 12 1 2.542 1 4
1760 10 16 1 2.441 1 4
1760 11 13 2 4.229 2 6
1760 11 19 2 4.3 2 6
1761 2 5 9 13.351 11 16
1761 2 10 4 7.342 5 10
1761 2 17 1 2.521 1 4
1761 2 20 4 7.277 5 9
1761 2 24 4 7.246 5 9
1761 2 28 3 5.875 4 8
1761 3 7 5 8.638 6 11
1761 4 2 1 2.505 1 4
1761 5 25 6 9.847 8 12
1761 5 26 6 9.981 8 12
1761 6 2 3 5.836 4 8
1761 6 4 2 4.193 2 6
1761 6 5 3 5.907 4 8
1761 6 19 4 7.379 5 10
1761 6 20 4 7.339 5 10
1761 6 23 4 7.321 5 9
1761 6 24 6 9.895 8 12
1761 6 25 3 5.847 4 8
1761 7 2 2 4.224 2 6
1761 7 3 2 4.247 2 6
1761 7 7 6 9.856 8 12
1761 7 10 14 18.511 17 20
1761 7 15 5 8.691 6 11
1761 7 16 2 4.194 2 6
1761 7 19 3 5.842 4 8
1761 7 21 2 4.312 2 6
1761 7 22 2 4.14 2 6
1761 7 23 4 7.279 5 9
1761 7 25 4 7.343 5 10
1761 7 28 4 7.383 5 10
1761 7 30 4 7.26 5 9
1761 7 31 2 4.243 2 6
1761 8 3 5 8.648 6 11
1761 8 5 4 7.337 5 10
1761 8 6 3 5.887 4 8
1761 8 8 5 8.665 6 11
1761 8 9 3 5.873 4 8
1761 8 12 4 7.379 5 10
1761 8 13 1 2.532 1 4
1761 8 15 2 4.258 2 6
1761 8 19 4 7.438 5 10
1761 8 21 2 4.23 2 6
1761 8 22 2 4.316 2 6
1761 8 24 3 5.871 4 8
1761 8 27 4 7.463 5 10
1761 8 28 4 7.429 5 10
1761 9 2 4 7.408 5 10
1761 9 4 5 8.447 6 11
1761 9 6 5 8.584 6 11
1761 9 8 5 8.592 6 11
1761 9 9 4 7.396 5 10
1761 9 11 3 5.968 4 8
1761 9 13 4 7.215 5 9
1761 9 16 4 7.311 5 10
1761 9 17 3 6.032 4 8
1761 9 18 4 7.341 5 10
1761 9 25 3 5.892 4 8
1761 9 28 4 7.271 5 9
1761 9 29 3 5.929 4 8
1761 10 2 3 5.869 4 8
1761 10 3 7 11.192 9 13
1761 10 4 14 18.543 17 20
1761 10 7 3 5.906 4 8
1761 10 17 2 4.19 2 6
1761 10 18 2 4.272 2 6
1761 10 23 2 4.218 2 6
1761 11 21 3 5.842 4 8
1761 12 5 1 2.476 1 4
1761 12 6 1 2.426 1 4
1762 1 15 1 2.497 1 4
1762 1 20 2 4.144 2 6
1762 1 22 1 2.408 1 4
1762 1 27 1 2.495 1 4
1762 2 2 3 5.907 4 8
1762 2 4 4 7.434 5 10
1762 2 10 2 4.25 2 6
1762 2 11 2 4.256 2 6
1762 2 12 3 5.782 4 8
1762 2 13 4 7.298 5 10
1762 3 18 1 2.557 1 4
1762 3 19 2 4.198 2 6
1762 3 20 2 4.188 2 6
1762 3 21 1 2.483 1 4
1762 3 25 6 9.92 8 12
1762 4 1 2 4.247 2 6
1762 4 2 8 12.453 10 15
1762 4 3 2 4.306 2 6
1762 4 9 1 2.507 1 4
1762 4 12 1 2.466 1 4
1762 4 14 1 2.489 1 4
1762 4 15 1 2.533 1 4
1762 4 16 1 2.548 1 4
1762 4 17 1 2.464 1 4
1762 4 18 3 5.852 4 8
1762 4 19 4 7.321 5 10
1762 4 20 3 5.959 4 8
1762 4 21 3 5.879 4 8
1762 4 22 3 5.762 4 8
1762 4 23 3 5.822 4 8
1762 4 24 4 7.277 5 10
1762 4 25 4 7.399 5 10
1762 4 27 3 5.868 4 8
1762 4 28 2 4.174 2 6
1762 4 29 2 4.227 2 6
1762 4 30 3 5.797 4 8
1762 5 1 3 5.819 4 8
1762 5 4 4 7.41 5 10
1762 5 5 2 4.231 2 6
1762 5 7 2 4.134 2 6
1762 5 19 1 2.39 1 4
1762 5 20 1 2.444 1 4
1762 5 21 1 2.541 1 4
1762 5 23 4 7.243 5 9
1762 5 26 1 2.482 1 4
1762 5 27 1 2.55 1 4
1762 5 28 1 2.435 1 4
1762 6 2 3 5.941 4 8
1762 6 3 3 5.895 4 8
1762 6 9 1 2.479 1 4
1762 6 10 2 4.211 2 6
1762 6 11 2 4.168 2 6
1762 6 15 4 7.413 5 10
1762 6 16 4 7.312 5 10
1762 6 18 4 7.236 5 9
1762 6 19 3 5.887 4 8
1762 6 22 2 4.159 2 6
1762 6 28 3 5.967 4 8
1762 7 1 4 7.255 5 9
1762 7 3 1 2.489 1 4
1762 7 7 1 2.45 1 4
1762 7 10 2 4.207 2 6
1762 7 15 1 2.487 1 4
1762 7 22 2 4.348 2 6
1762 7 24 2 4.24 2 6
1762 7 27 1 2.49 1 4
1762 7 30 1 2.427 1 4
1762 8 4 2 4.291 2 6
1762 8 7 2 4.315 2 6
1762 8 9 2 4.201 2 6
1762 8 10 3 5.867 4 8
1762 8 11 4 7.383 5 10
1762 8 13 3 5.913 4 8
1762 8 14 2 4.24 2 6
1762 8 17 2 4.214 2 6
1762 8 22 1 2.476 1 4
1762 8 27 6 9.928 8 12
1762 8 29 4 7.412 5 10
1762 8 30 5 8.651 6 11
1762 9 3 4 7.207 5 9
1762 9 5 4 7.309 5 9
1762 9 11 2 4.311 2 6
1762 9 12 2 4.26 2 6
1762 9 13 2 4.224 2 6
1762 9 14 2 4.255 2 6
1762 9 18 2 4.237 2 6
1762 9 21 3 5.902 4 8
1762 9 22 3 5.957 4 8
1762 9 23 6 9.953 8 12
1762 9 24 3 5.95 4 8
1762 9 28 2 4.348 3 6
1762 9 29 6 9.869 8 12
1762 9 30 2 4.289 2 6
1762 10 10 2 4.238 2 6
1762 10 14 2 4.229 2 6
1762 10 19 3 6.001 4 8
1762 10 23 8 12.386 10 15
1762 10 25 3 5.89 4 8
1762 11 3 3 5.838 4 8
1762 11 9 3 5.847 4 8
1762 11 12 6 9.785 7 12
1762 11 16 10 15.004 13 17
1762 11 17 3 5.832 4 8
1762 11 20 2 4.201 2 6
1762 11 21 4 7.395 5 10
1762 11 23 3 5.89 4 8
1762 12 7 2 4.179 2 6
1762 12 8 6 10.054 8 13
1762 12 10 5 8.591 6 11
1762 12 20 3 5.833 4 8
1762 12 23 4 7.272 5 9
1762 12 24 2 4.189 2 6
1762 12 29 2 4.249 2 6
1762 12 30 6 10.03 8 12
1762 12 31 4 7.344 5 10
1763 1 1 3 5.803 4 8
1763 1 4 4 7.236 5 9
1763 1 16 2 4.317 2 6
1763 1 21 1 2.479 1 4
1763 1 22 1 2.527 1 4
1763 1 23 1 2.513 1 4
1763 1 27 1 2.472 1 4
1763 1 28 2 4.211 2 6
1763 1 29 2 4.355 2 6
1763 1 30 2 4.159 2 6
1763 1 31 4 7.423 5 10
1763 2 2 1 2.329 1 4
1763 2 8 1 2.439 1 4
1763 2 10 2 4.189 2 6
1763 2 15 1 2.415 1 4
1763 2 20 1 2.405 1 4
1763 2 22 2 4.284 2 6
1763 2 25 4 7.276 5 9
1763 3 4 1 2.466 1 4
1763 3 8 2 4.191 2 6
1763 3 10 3 5.798 4 8
1763 3 12 2 4.252 2 6
1763 3 18 1 2.447 1 4
1763 3 23 1 2.45 1 4
1763 3 26 0 0.695 0 2
1763 3 27 0 0.686 0 2
1763 3 31 1 2.486 1 4
1763 4 4 2 4.247 2 6
1763 4 6 1 2.469 1 4
1763 4 9 1 2.526 1 4
1763 4 12 1 2.578 1 4
1763 4 15 1 2.468 1 4
1763 4 16 6 9.981 8 12
1763 4 19 4 7.46 5 10
1763 4 24 1 2.537 1 4
1763 4 25 1 2.425 1 4
1763 4 28 1 2.472 1 4
1763 4 29 1 2.571 1 4
1763 4 30 1 2.374 1 4
1763 5 4 1 2.477 1 4
1763 5 26 1 2.503 1 4
1763 5 30 2 4.278 2 6
1763 6 1 1 2.488 1 4
1763 6 11 1 2.463 1 4
1763 6 15 2 4.191 2 6
1763 6 24 3 5.914 4 8
1763 6 26 1 2.512 1 4
1763 7 2 3 5.754 4 8
1763 7 13 2 4.09 2 6
1763 7 21 2 4.276 2 6
1763 8 17 1 2.5 1 4
1763 8 18 1 2.458 1 4
1763 8 20 1 2.416 1 4
1763 8 26 1 2.44 1 4
1763 8 27 0 0.709 0 2
1763 9 7 1 2.455 1 4
1763 9 9 3 5.872 4 8
1763 9 11 6 9.972 8 12
1763 9 13 4 7.28 5 10
1763 9 30 3 5.959 4 8
1763 10 1 2 4.299 2 6
1763 10 13 1 2.455 1 4
1763 10 14 4 7.322 5 9
1763 10 16 2 4.303 2 6
1763 10 21 3 5.862 4 8
1763 10 22 1 2.486 1 4
1763 10 26 1 2.503 1 4
1763 11 1 2 4.287 2 6
1763 11 2 2 4.185 2 6
1763 11 3 3 5.78 4 8
1763 11 5 3 5.916 4 8
1763 11 9 5 8.632 6 11
1763 11 11 2 4.246 2 6
1763 11 12 3 5.774 4 8
1763 11 13 2 4.231 2 6
1763 11 15 2 4.209 2 6
1763 11 16 3 5.873 4 8
1763 11 20 2 4.033 2 6
1763 11 23 2 4.189 2 6
1763 11 29 5 8.648 6 11
1763 12 2 4 7.369 5 9
1763 12 3 4 7.275 5 9
1763 12 6 2 4.211 2 6
1763 12 8 5 8.61 6 11
1763 12 10 2 4.247 2 6
1763 12 21 2 4.294 2 6
1764 1 5 0 0.711 0 2
1764 1 17 4 7.366 5 10
1764 1 22 8 12.636 10 15
1764 1 29 1 2.482 1 4
1764 2 10 2 4.273 2 6
1764 2 11 5 8.668 6 11
1764 2 12 2 4.198 2 6
1764 2 16 3 5.961 4 8
1764 2 17 6 9.951 8 12
1764 2 18 4 7.383 5 10
1764 2 20 1 2.453 1 4
1764 2 21 1 2.493 1 4
1764 2 28 1 2.45 1 4
1764 2 29 1 2.47 1 4
1764 3 4 2 4.249 2 6
1764 3 5 2 4.182 2 6
1764 3 9 1 2.476 1 4
1764 3 11 3 5.821 4 8
1764 3 12 3 5.72 4 8
1764 3 13 1 2.452 1 4
1764 3 16 1 2.509 1 4
1764 3 17 1 2.459 1 4
1764 3 18 1 2.507 1 4
1764 3 22 4 7.314 5 10
1764 3 23 4 7.312 5 9
1764 3 24 2 4.288 2 6
1764 3 25 1 2.429 1 4
1764 4 3 2 4.241 2 6
1764 4 4 1 2.436 1 4
1764 4 10 1 2.402 1 4
1764 4 11 1 2.405 1 4
1764 4 15 2 4.238 2 6
1764 4 19 2 4.182 2 6
1764 5 5 2 4.187 2 6
1764 5 8 2 4.291 2 6
1764 5 9 1 2.477 1 4
1764 5 12 2 4.099 2 6
1764 5 15 2 4.237 2 6
1764 6 8 1 2.388 1 4
1764 6 13 1 2.464 1 4
1764 7 6 1 2.446 1 4
1764 7 18 1 2.53 1 4
1764 8 31 1 2.473 1 4
1764 9 12 1 2.442 1 4
1764 9 13 1 2.487 1 4
1764 9 14 1 2.442 1 4
1764 9 25 1 2.521 1 4
1764 12 23 1 2.443 1 4
1765 2 28 3 5.85 4 8
1765 3 6 1 2.426 1 4
1765 3 9 1 2.397 1 4
1765 5 9 1 2.428 1 4
1765 5 15 1 2.418 1 4
1765 5 30 1 2.521 1 4
1765 5 31 0 0.671 0 1
1765 7 5 1 2.426 1 4
1765 7 9 1 2.443 1 4
1765 7 19 3 5.943 4 8
1765 8 9 1 2.588 1 4
1765 8 16 2 4.27 2 6
1765 8 17 3 5.864 4 8
1765 8 20 2 4.167 2 6
1766 3 11 1 2.451 1 4
1766 3 12 1 2.533 1 4
1766 3 13 2 4.257 2 6
1766 3 14 6 9.883 8 12
1766 3 15 6 9.772 8 12
1766 5 2 2 4.175 2 6
1766 5 7 1 2.493 1 4
1766 5 8 1 2.559 1 4
1766 6 15 0 0.772 0 2
1766 12 9 2 4.252 2 6
1766 12 10 2 4.342 2 6
1767 1 6 1 2.391 1 4
1767 1 7 1 2.52 1 4
1767 1 27 1 2.555 1 4
1767 1 29 2 4.174 2 6
1767 2 8 3 5.837 4 8
1767 3 4 2 4.215 2 6
1767 3 10 3 5.889 4 8
1767 3 30 1 2.535 1 4
1767 3 31 1 2.433 1 4
1767 4 2 0 0.705 0 2
1767 4 8 1 2.499 1 4
1767 4 9 2 4.28 2 6
1767 4 10 6 9.96 8 12
1767 4 11 4 7.238 5 9
1767 4 14 1 2.553 1 4
1767 4 24 1 2.474 1 4
1767 5 8 1 2.453 1 4
1767 5 9 4 7.389 5 10
1767 5 10 2 4.233 2 6
1767 5 19 1 2.464 1 4
1767 5 21 2 4.152 2 6
1767 5 28 2 4.218 2 6
1767 6 5 1 2.544 1 4
1767 7 1 1 2.521 1 4
1767 7 4 2 4.315 2 6
1767 7 17 1 2.565 1 4
1767 8 2 2 4.259 2 6
1767 8 7 1 2.562 1 4
1767 9 3 6 10.025 8 12
1767 9 4 6 9.822 7 12
1767 10 7 1 2.506 1 4
1767 10 8 1 2.526 1 4
1767 10 21 2 4.247 2 6
1767 10 26 1 2.542 1 4
1767 10 30 1 2.438 1 4
1767 11 5 1 2.442 1 4
1767 11 10 1 2.429 1 4
1767 11 13 1 2.496 1 4
1768 1 14 2 4.174 2 6
1768 1 24 2 4.191 2 6
1768 1 27 2 4.288 2 6
1768 1 28 2 4.315 2 6
1768 2 3 2 4.253 2 6
1768 2 12 4 7.233 5 10
1768 2 17 2 4.194 2 6
1768 12 2 2 4.153 2 6
1768 12 4 10 15.05 13 18
1768 12 17 4 7.404 5 10
1768 12 18 4 7.345 5 10
1768 12 22 2 4.272 2 6
1768 12 28 3 5.842 4 8
1769 1 19 3 5.798 4 8
1769 1 31 3 5.984 4 8
1769 2 10 4 7.277 5 9
1769 3 6 4 7.193 5 9
1769 3 10 3 5.815 4 8
1769 3 18 3 5.916 4 8
1769 3 20 3 5.873 4 8
1769 3 22 2 4.178 2 6
1769 3 23 2 4.297 2 6
1769 3 29 2 4.367 2 6
1769 4 12 3 5.909 4 8
1769 4 22 4 7.379 5 10
1769 4 23 12 17.028 15 20
1769 4 27 5 8.625 6 11
1769 5 2 3 5.91 4 8
1769 5 9 3 5.831 4 8
1769 5 10 6 9.95 8 12
1769 5 11 4 7.41 5 10
1769 5 24 4 7.5 5 10
1769 5 28 6 9.859 7 12
1769 5 30 3 5.836 4 8
1769 6 3 12 16.974 15 20
1769 6 20 2 4.222 2 6
1769 7 5 7 11.226 9 13
1769 7 7 5 8.693 6 11
1769 7 12 3 5.779 4 8
1769 8 4 4 7.254 5 10
1769 8 30 5 8.686 6 11
1769 9 12 3 5.924 4 8
1769 9 14 6 9.964 8 12
1769 9 16 8 12.457 10 15
1769 9 19 5 8.553 6 11
1769 9 24 9 13.519 11 16
1769 9 26 9 13.37 11 16
1769 10 13 4 7.255 5 10
1769 10 25 9 13.46 11 16
1769 11 2 7 11.311 9 14
1769 11 9 10 15.119 13 18
1769 11 14 7 11.13 9 13
1769 12 31 1 2.512 1 4
1770 1 18 8 12.455 10 15
1770 1 27 2 4.221 2 6
1770 2 9 7 11.22 9 14
1770 2 16 5 8.619 6 11
1770 2 18 6 9.978 8 12
1770 2 27 2 4.094 2 6
1770 3 8 4 7.15 5 9
1770 3 15 4 7.326 5 10
1770 3 27 1 2.444 1 4
1770 4 1 4 7.34 5 10
1770 4 5 1 2.375 1 4
1770 4 20 4 7.315 5 9
1770 4 26 3 5.87 4 8
1770 4 30 4 7.31 5 9
1770 5 1 3 5.958 4 8
1770 5 5 5 8.711 6 11
1770 5 10 2 4.17 2 6
1770 5 11 4 7.311 5 9
1770 5 15 2 4.194 2 6
1770 5 27 3 5.752 4 8
1770 6 1 2 4.156 2 6
1770 6 8 4 7.252 5 9
1770 6 14 4 7.271 5 10
1770 6 26 3 5.812 4 8
1770 7 5 2 4.255 2 6
1770 7 10 3 5.872 4 8
1770 7 12 6 9.881 8 12
1770 7 13 5 8.657 6 11
1770 7 14 5 8.611 6 11
1770 7 18 3 5.828 4 8
1770 7 19 5 8.703 6 11
1770 7 27 4 7.378 5 10
1770 7 28 6 9.914 8 12
1770 8 1 4 7.471 5 10
1770 8 8 4 7.252 5 9
1770 8 21 9 13.427 11 16
1770 8 23 4 7.318 5 10
1770 8 24 5 8.659 6 11
1770 9 1 4 7.239 5 9
1770 9 6 4 7.364 5 10
1770 9 7 8 12.515 10 15
1770 9 12 10 14.908 13 17
1770 9 14 5 8.629 6 11
1770 9 15 8 12.495 10 15
1770 9 16 5 8.679 6 11
1770 9 17 6 9.923 8 12
1770 9 18 9 13.41 11 16
1770 9 19 7 11.25 9 14
1770 9 20 5 8.596 6 11
1770 9 21 5 8.627 6 11
1770 9 22 3 5.798 4 8
1770 9 23 2 4.218 2 6
1770 9 24 2 4.341 2 6
1770 9 25 2 4.279 2 6
1770 9 26 3 5.85 4 8
1770 9 27 4 7.252 5 9
1770 9 28 2 4.242 2 6
1770 10 3 3 5.803 4 8
1770 10 4 3 5.787 4 8
1770 10 5 4 7.296 5 9
1770 10 10 5 8.606 6 11
1770 10 13 6 10.075 8 12
1770 10 16 4 7.396 5 10
1770 10 24 4 7.278 5 9
1770 10 26 3 5.876 4 8
1770 11 7 4 7.432 5 10
1770 11 9 3 5.873 4 8
1770 12 20 2 4.224 2 6
1771 1 5 3 5.765 4 8
1771 1 27 3 5.844 4 8
1771 2 18 3 5.835 4 8
1771 2 20 1 2.491 1 4
1771 3 3 3 5.839 4 8
1771 3 10 3 5.913 4 8
1771 3 14 1 2.469 1 4
1771 3 28 2 4.224 2 6
1771 3 29 3 5.876 4 8
1771 4 4 2 4.243 2 6
1771 4 5 2 4.215 2 6
1771 5 3 6 9.787 7 12
1771 5 7 4 7.252 5 9
1771 5 11 4 7.429 5 10
1771 5 13 4 7.282 5 9
1771 5 24 8 12.426 10 15
1771 5 26 4 7.346 5 9
1771 7 12 1 2.486 1 4
1771 7 25 2 4.201 2 6
1771 8 21 3 5.814 4 8
1771 9 29 5 8.426 6 10
1771 10 6 7 11.31 9 14
1771 10 8 5 8.685 7 11
1771 10 13 3 5.779 4 8
1771 10 30 7 11.255 9 14
1771 11 3 14 18.657 17 20
1771 11 10 3 5.818 4 8
1771 12 20 5 8.729 6 11
1771 12 29 5 8.692 6 11
1772 1 27 2 4.283 2 6
1772 3 28 2 4.263 2 6
1772 4 12 2 4.216 2 6
1772 5 27 3 5.823 4 8
1772 6 17 4 7.196 5 9
1772 6 24 1 2.503 1 4
1772 7 10 6 10.031 8 12
1772 8 29 4 7.322 5 9
1772 9 29 2 4.286 2 6
1772 10 18 3 5.872 4 8
1772 10 20 2 4.269 2 6
1772 10 23 3 5.751 4 8
1772 10 26 6 10.055 8 13
1772 11 1 2 4.291 2 6
1772 11 27 1 2.416 1 4
1773 1 31 2 4.335 2 6
1773 2 28 2 4.215 2 6
1773 8 14 1 2.426 1 4
1773 9 5 1 2.464 1 4
1773 10 17 6 9.931 8 12
1773 10 24 0 0.73 0 2
1774 6 16 2 4.281 2 6
1774 7 2 2 4.295 2 6
1774 7 10 5 8.727 6 11
1774 10 3 0 0.741 0 2
1774 11 22 1 2.411 1 4
1775 2 10 0 0.739 0 2
1775 2 25 0 0.716 0 2
1775 3 14 0 0.764 0 2
1775 3 17 0 0.674 0 2
1775 6 8 2 4.278 2 6
1775 8 23 1 2.536 1 4
1776 3 13 0 0.686 0 1
1776 9 26 0 0.72 0 2
1777 4 22 5 8.708 6 11
1777 5 1 4 7.282 5 9
1777 5 31 4 7.204 5 10
1777 6 1 4 7.38 5 10
1777 9 23 3 5.963 4 8
1777 9 30 5 8.626 6 11
1777 10 1 2 4.162 2 6
1777 10 8 3 5.925 4 8
1777 12 11 6 9.867 8 12
1778 1 28 9 13.52 11 16
1778 2 5 4 7.346 5 10
1778 2 12 2 4.174 2 6
1778 3 12 2 4.257 2 6
1778 3 17 4 7.312 5 10
1778 4 7 5 8.493 6 11
1778 4 9 3 5.885 4 8
1778 6 24 4 7.362 5 10
1778 9 14 4 7.238 5 9
1778 9 20 7 11.253 9 14
1778 10 16 6 9.916 8 12
1778 11 3 10 15.038 13 18
1778 12 2 2 4.201 2 6
1778 12 12 3 5.922 4 8
1779 1 8 4 7.218 5 10
1779 1 21 5 8.512 6 11
1779 1 24 5 8.585 6 11
1779 2 10 9 13.459 11 16
1779 2 16 7 11.268 9 14
1779 2 19 6 9.879 8 12
1779 2 26 6 9.711 8 12
1779 3 1 7 11.328 9 14
1779 3 11 3 5.873 4 8
1779 6 13 7 11.24 9 14
1779 7 18 8 12.539 10 15
1779 8 22 6 9.965 8 12
1779 8 27 6 9.836 8 12
1779 9 11 4 7.207 5 9
1779 10 14 5 8.497 6 11
1779 10 22 5 8.754 7 11
1780 1 14 4 7.263 5 9
1780 1 24 3 5.944 4 8
1780 1 31 1 2.49 1 4
1780 2 4 4 7.324 5 10
1780 2 17 5 8.694 6 11
1780 2 23 4 7.35 5 10
1780 5 13 5 8.588 6 11
1780 5 31 3 5.948 4 8
1780 8 30 5 8.673 6 11
1780 9 6 5 8.646 6 11
1780 9 10 10 15.044 13 18
1780 11 27 2 4.281 2 6
1781 1 13 15 -99 -99 -99
1781 1 30 3 5.959 4 8
1781 3 11 1 2.517 1 4
1781 3 31 2 4.304 2 6
1781 4 18 3 5.853 4 8
1781 5 4 6 9.887 8 12
1781 5 6 3 5.851 4 8
1781 5 15 4 7.239 5 10
1781 5 30 6 9.883 8 12
1781 6 8 6 10.087 8 13
1781 7 1 3 5.949 4 8
1781 7 31 3 5.85 4 8
1781 10 5 0 0.69 0 2
1781 10 18 2 4.137 2 6
1781 11 2 1 2.415 1 4
1781 11 11 6 9.881 8 12
1782 1 12 4 7.362 5 9
1782 2 9 1 2.461 1 4
1782 2 15 1 2.515 1 4
1782 3 16 1 2.476 1 4
1782 5 13 3 5.788 4 8
1782 8 24 2 4.237 2 6
1782 10 4 1 2.479 1 4
1782 10 28 0 0.754 0 2
1782 11 2 0 0.75 0 2
1783 2 17 8 12.492 10 15
1783 3 5 1 2.49 1 4
1783 3 16 1 2.393 1 4
1783 4 27 2 4.289 2 6
1783 6 26 3 5.871 4 8
1783 6 30 2 4.14 2 6
1783 7 15 1 2.37 1 4
1783 7 21 2 4.24 2 6
1783 10 11 0 0.703 0 2
1783 10 29 0 0.744 0 2
1783 12 12 0 0.791 0 2
1784 2 13 0 0.774 0 2
1784 11 16 3 5.806 4 8
1785 1 9 0 0.777 0 2
1785 1 31 0 0.779 0 2
1785 2 1 0 0.701 0 2
1785 2 21 0 0.747 0 2
1785 3 3 0 0.713 0 2
1785 3 30 0 0.675 0 1
1785 4 17 3 5.885 4 8
1785 5 16 0 0.704 0 2
1785 5 24 2 4.113 2 6
1785 5 31 1 2.524 1 4
1785 6 25 1 2.492 1 4
1785 7 25 2 4.31 2 6
1785 10 24 8 12.53 10 15
1785 10 31 2 4.342 2 6
1785 11 16 1 2.476 1 4
1785 11 18 2 4.23 2 6
1786 1 4 2 4.171 2 6
1786 1 14 2 4.246 2 6
1786 1 22 1 2.422 1 4
1786 1 24 1 2.507 1 4
1786 2 10 2 4.283 2 6
1786 2 14 4 7.255 5 9
1786 2 17 1 2.537 1 4
1786 2 24 1 2.5 1 4
1786 2 28 1 2.466 1 4
1786 3 2 1 2.425 1 4
1786 3 10 1 2.48 1 4
1786 3 11 4 7.39 5 10
1786 3 23 3 5.895 4 8
1786 4 5 1 2.484 1 4
1786 4 19 6 10.018 8 12
1786 4 20 3 5.782 4 8
1786 5 4 3 5.791 4 8
1786 5 13 3 5.859 4 8
1786 5 29 4 7.286 5 9
1786 6 1 3 5.852 4 8
1786 6 7 4 7.421 5 10
1786 6 8 2 4.313 2 6
1786 7 18 3 5.756 4 8
1786 8 5 2 4.22 2 6
1786 8 11 5 8.742 6 11
1786 9 7 4 7.395 5 10
1786 9 20 4 7.201 5 9
1786 9 21 4 7.453 5 10
1786 10 24 12 17.048 14 20
1786 11 1 14 18.719 17 20
1786 11 12 1 2.506 1 4
1786 12 6 12 17.225 15 20
1787 1 10 2 4.396 2 7
1787 1 23 7 11.245 9 14
1787 1 30 6 9.833 8 12
1787 2 6 2 4.103 2 6
1787 3 13 1 2.482 1 4
1787 3 14 1 2.531 1 4
1787 3 21 5 8.632 6 11
1787 3 29 3 5.929 4 8
1787 4 25 6 9.893 8 12
1787 4 30 3 5.939 4 8
1787 5 17 6 9.814 8 12
1787 5 19 5 8.72 6 11
1787 5 22 3 5.839 4 8
1787 6 7 4 7.304 5 10
1787 6 8 7 11.357 9 14
1787 6 10 2 4.287 2 6
1787 6 12 6 9.92 8 12
1787 6 13 10 14.972 13 17
1787 6 14 4 7.318 5 9
1787 6 24 10 15.013 13 17
1787 6 27 6 9.842 8 12
1787 7 3 4 7.209 5 9
1787 7 5 6 9.952 8 12
1787 7 25 4 7.316 5 10
1787 8 2 5 8.62 6 11
1787 8 4 12 17.254 15 20
1787 8 8 5 8.596 7 11
1787 9 23 5 8.577 6 11
1787 11 20 3 5.814 4 8
1788 2 12 2 4.291 2 6
1788 2 19 4 7.304 5 9
1788 3 30 4 7.341 5 10
1788 4 4 4 7.319 5 9
1788 4 11 4 7.307 5 10
1788 4 17 3 5.891 4 8
1788 5 6 3 5.891 4 8
1788 5 25 3 6.013 4 8
1788 6 18 3 5.908 4 8
1788 7 10 5 8.728 6 11
1788 7 27 6 9.939 8 12
1788 8 16 5 8.75 7 11
1788 9 3 5 8.627 6 11
1788 9 6 5 8.546 6 11
1788 9 17 9 13.567 11 16
1788 10 9 4 7.266 5 9
1788 10 15 5 8.594 6 11
1788 11 7 3 5.873 4 8
1788 11 21 4 7.34 5 10
1788 11 25 5 8.662 6 11
1788 12 9 4 7.325 5 9
1788 12 18 8 12.486 10 15
1789 1 4 2 4.244 2 6
1789 2 24 4 7.416 5 10
1789 3 29 3 5.851 4 8
1789 4 15 5 8.673 6 11
1789 5 11 5 8.704 6 11
1789 8 9 2 4.298 2 6
1789 10 7 3 5.865 4 8
1789 10 13 2 4.191 2 6
1789 10 21 4 7.346 5 10
1789 12 22 4 7.27 5 10
1790 1 19 6 9.997 8 12
1790 2 13 5 8.736 6 11
1790 2 19 6 10.067 8 13
1790 3 24 3 5.77 4 8
1790 7 27 2 4.264 2 6
1790 9 15 4 7.404 5 10
1790 10 19 3 5.869 4 8
1790 12 9 2 4.241 2 6
1791 1 1 2 4.204 2 6
1791 2 6 2 4.176 2 6
1791 2 21 2 4.185 2 6
1791 3 9 2 4.083 2 6
1791 3 13 4 7.277 5 10
1791 4 1 2 4.284 2 6
1791 4 2 4 7.294 5 9
1791 4 3 4 7.268 5 9
1791 6 24 3 5.813 4 8
1791 6 29 1 2.542 1 4
1791 8 1 0 0.825 0 2
1791 8 16 2 4.263 2 6
1791 9 21 2 4.223 2 6
1791 10 24 1 2.36 1 4
1791 10 26 3 5.868 4 8
1792 1 20 2 4.141 2 6
1792 4 28 4 7.278 5 10
1792 7 23 0 0.792 0 2
1792 10 20 3 5.797 4 8
1793 3 9 6 9.809 7 12
1793 8 6 1 2.468 1 4
1793 11 3 2 4.284 2 6
1794 9 29 0 0.736 0 2
1795 1 2 0 0.701 0 2
1795 2 19 2 4.153 2 6
1795 6 1 0 0.798 0 2
1795 9 1 0 0.672 0 1
1795 9 13 0 0.727 0 2
1795 10 30 0 0.772 0 2
1796 1 31 2 4.222 2 6
1797 2 19 0 0.716 0 2
1797 2 24 0 0.771 0 2
1797 5 21 0 0.705 0 2
1797 6 24 0 0.74 0 2
1797 8 3 0 0.651 0 1
1797 9 13 0 0.724 0 2
1798 5 9 0 0.761 0 2
1798 6 29 0 0.753 0 2
1799 5 1 0 0.708 0 2
1799 5 7 0 0.704 0 2
1799 5 27 0 0.682 0 1
